Games,Country,Gold,Silver,Bronze,Total,Percentage,Total athletes,Athletes without medals
2016 Summer,Romania,4,2,10,16,13.2%,121,105
2016 Summer,Spain,9,19,17,45,12.4%,363,318
2016 Summer,Italy,8,40,24,72,18.0%,399,327
2016 Summer,Azerbaijan,1,7,10,18,26.1%,69,51
2016 Summer,France,20,55,21,96,18.8%,512,416
2016 Summer,Algeria,0,2,0,2,2.7%,74,72
2016 Summer,Bahrain,1,1,0,2,6.1%,33,31
2016 Summer,Netherlands,9,25,13,47,14.3%,329,282
2016 Summer,Iraq,0,0,0,0,0.0%,20,20
2016 Summer,Ireland,0,3,0,3,3.2%,93,90
2016 Summer,USA,139,54,71,264,36.7%,719,455
2016 Summer,Egypt,0,0,3,3,2.2%,137,134
2016 Summer,Iran,3,1,4,8,11.9%,67,59
2016 Summer,Belgium,2,17,2,21,15.2%,138,117
2016 Summer,Cameroon,0,0,0,0,0.0%,22,22
2016 Summer,Kazakhstan,3,5,10,18,14.6%,123,105
2016 Summer,Brunei,0,0,0,0,0.0%,3,3
2016 Summer,Uzbekistan,4,2,7,13,16.3%,80,67
2016 Summer,Tajikistan,1,0,0,1,14.3%,7,6
2016 Summer,Russia,52,28,35,115,28.3%,406,291
2016 Summer,Canada,4,4,61,69,17.0%,405,336
2016 Summer,Germany,49,43,67,159,29.7%,536,377
2016 Summer,Mexico,0,3,2,5,3.6%,139,134
2016 Summer,Ethiopia,1,2,5,8,21.1%,38,30
2016 Summer,Sri Lanka,0,0,0,0,0.0%,10,10
2016 Summer,Armenia,1,3,0,4,11.8%,34,30
2016 Summer,Kenya,6,6,1,13,16.3%,80,67
2016 Summer,Nigeria,0,0,18,18,23.4%,77,59
2016 Summer,Brazil,36,8,6,50,8.6%,583,533
2016 Summer,Australia,23,34,25,82,15.8%,518,436
2016 Summer,Chile,0,0,0,0,0.0%,47,47
2016 Summer,Switzerland,6,3,2,11,7.2%,152,141
2016 Summer,Belarus,1,4,7,12,8.5%,142,130
2016 Summer,Guyana,0,0,0,0,0.0%,7,7
2016 Summer,Georgia,2,1,4,7,15.6%,45,38
2016 Summer,Portugal,0,0,1,1,0.9%,106,105
2016 Summer,Colombia,3,2,3,8,5.1%,157,149
2016 Summer,Djibouti,0,0,0,0,0.0%,8,8
2016 Summer,Jordan,1,0,0,1,12.5%,8,7
2016 Summer,Palestine,0,0,0,0,0.0%,6,6
2016 Summer,Saudi Arabia,0,0,0,0,0.0%,11,11
2016 Summer,India,0,1,1,2,1.5%,130,128
2016 Summer,Ghana,0,0,0,0,0.0%,15,15
2016 Summer,Honduras,0,0,0,0,0.0%,23,23
2016 Summer,El Salvador,0,0,0,0,0.0%,10,10
2016 Summer,Venezuela,0,1,2,3,2.9%,105,102
2016 Summer,Argentina,21,1,0,22,9.5%,232,210
2016 Summer,Turkmenistan,0,0,0,0,0.0%,9,9
2016 Summer,Japan,17,13,34,64,14.7%,436,372
2016 Summer,Saint Kitts,0,0,0,0,0.0%,9,9
2016 Summer,UK,64,55,26,145,30.3%,478,333
2016 Summer,New Zealand,6,25,5,36,15.5%,232,196
2016 Summer,Turkey,1,3,4,8,6.7%,119,111
2016 Summer,Eritrea,0,0,0,0,0.0%,12,12
2016 Summer,Uganda,0,0,0,0,0.0%,23,23
2016 Summer,Mongolia,0,1,1,2,4.3%,46,44
2016 Summer,Lithuania,0,2,5,7,8.8%,80,73
2016 Summer,Namibia,0,0,0,0,0.0%,11,11
2016 Summer,Kyrgyzstan,0,0,0,0,0.0%,19,19
2016 Summer,Puerto Rico,1,0,0,1,2.4%,41,40
2016 Summer,Malaysia,0,7,1,8,19.0%,42,34
2016 Summer,Samoa,0,0,0,0,0.0%,9,9
2016 Summer,Angola,0,0,0,0,0.0%,26,26
2016 Summer,South Africa,2,7,14,23,14.8%,155,132
2016 Summer,Greece,3,1,3,7,6.7%,104,97
2016 Summer,Norway,0,0,19,19,24.7%,77,58
2016 Summer,Cuba,5,2,4,11,7.7%,143,132
2016 Summer,Paraguay,0,0,0,0,0.0%,11,11
2016 Summer,Indonesia,2,2,0,4,12.9%,31,27
2016 Summer,Bangladesh,0,0,0,0,0.0%,7,7
2016 Summer,Ivory Coast,1,0,1,2,13.3%,15,13
2016 Summer,Trinidad,0,0,1,1,2.3%,43,42
2016 Summer,China,46,30,37,113,22.6%,499,386
2016 Summer,Singapore,1,0,0,1,3.1%,32,31
2016 Summer,Morocco,0,0,1,1,1.9%,52,51
2016 Summer,Sweden,2,23,3,28,15.1%,186,158
2016 Summer,Ukraine,2,8,5,15,5.5%,272,257
2016 Summer,Tunisia,0,0,3,3,4.6%,65,62
2016 Summer,Individual Olympic Athletes,1,0,1,2,22.2%,9,7
2016 Summer,Oman,0,0,0,0,0.0%,4,4
2016 Summer,Qatar,0,1,0,1,2.4%,42,41
2016 Summer,United Arab Emirates,0,0,1,1,8.3%,12,11
2016 Summer,Moldova,0,0,0,0,0.0%,23,23
2016 Summer,Mauritius,0,0,0,0,0.0%,11,11
2016 Summer,Bulgaria,0,1,6,7,12.1%,58,51
2016 Summer,Serbia,14,27,13,54,42.5%,127,73
2016 Summer,Saint Vincent,0,0,0,0,0.0%,4,4
2016 Summer,Austria,0,0,2,2,2.4%,85,83
2016 Summer,Niger,0,1,0,1,16.7%,6,5
2016 Summer,Costa Rica,0,0,0,0,0.0%,12,12
2016 Summer,Sudan,0,0,0,0,0.0%,6,6
2016 Summer,Madagascar,0,0,0,0,0.0%,6,6
2016 Summer,Pakistan,0,0,0,0,0.0%,7,7
2016 Summer,Chad,0,0,0,0,0.0%,2,2
2016 Summer,Bosnia and Herzegovina,0,0,0,0,0.0%,11,11
2016 Summer,Philippines,0,1,0,1,7.7%,13,12
2016 Summer,Cayman Islands,0,0,0,0,0.0%,5,5
2016 Summer,Syria,0,0,0,0,0.0%,7,7
2016 Summer,Jamaica,11,17,2,30,39.0%,77,47
2016 Summer,Estonia,0,0,4,4,8.2%,49,45
2016 Summer,Seychelles,0,0,0,0,0.0%,10,10
2016 Summer,Ecuador,0,0,0,0,0.0%,40,40
2016 Summer,Panama,0,0,0,0,0.0%,14,14
2016 Summer,Gabon,0,0,0,0,0.0%,6,6
2016 Summer,Bahamas,1,0,5,6,15.8%,38,32
2016 Summer,Israel,0,0,2,2,3.4%,59,57
2016 Summer,Thailand,2,2,2,6,10.3%,58,52
2016 Summer,Botswana,0,0,0,0,0.0%,14,14
2016 Summer,NA,0,0,0,0,0.0%,13,13
2016 Summer,South Korea,13,3,10,26,9.9%,263,237
2016 Summer,Denmark,15,10,16,41,28.7%,143,102
2016 Summer,Cape Verde,0,0,0,0,0.0%,5,5
2016 Summer,Poland,3,3,10,16,5.5%,289,273
2016 Summer,Dominican Republic,0,0,1,1,3.3%,30,29
2016 Summer,Hungary,12,3,7,22,10.8%,204,182
2016 Summer,Czech Republic,1,2,12,15,11.1%,135,120
2016 Summer,Benin,0,0,0,0,0.0%,6,6
2016 Summer,Uruguay,0,0,0,0,0.0%,17,17
2016 Summer,Latvia,0,0,0,0,0.0%,33,33
2016 Summer,Andorra,0,0,0,0,0.0%,4,4
2016 Summer,Cyprus,0,0,0,0,0.0%,21,21
2016 Summer,Comoros,0,0,0,0,0.0%,4,4
2016 Summer,Libya,0,0,0,0,0.0%,7,7
2016 Summer,Hong Kong,0,0,0,0,0.0%,47,47
2016 Summer,Saint Lucia,0,0,0,0,0.0%,5,5
2016 Summer,Mozambique,0,0,0,0,0.0%,8,8
2016 Summer,Micronesia,0,0,0,0,0.0%,5,5
2016 Summer,Togo,0,0,0,0,0.0%,5,5
2016 Summer,Mauritania,0,0,0,0,0.0%,2,2
2016 Summer,Yemen,0,0,0,0,0.0%,3,3
2016 Summer,Croatia,7,15,2,24,25.8%,93,69
2016 Summer,Antigua,0,0,0,0,0.0%,9,9
2016 Summer,Afghanistan,0,0,0,0,0.0%,3,3
2016 Summer,Macedonia,0,0,0,0,0.0%,6,6
2016 Summer,Slovakia,3,5,0,8,12.7%,63,55
2016 Summer,Guinea,0,0,0,0,0.0%,5,5
2016 Summer,Fiji,13,0,0,13,24.5%,53,40
2016 Summer,Lebanon,0,0,0,0,0.0%,9,9
2016 Summer,Montenegro,0,0,0,0,0.0%,35,35
2016 Summer,Guatemala,0,0,0,0,0.0%,25,25
2016 Summer,Papua New Guinea,0,0,0,0,0.0%,8,8
2016 Summer,Zimbabwe,0,0,0,0,0.0%,31,31
2016 Summer,Gambia,0,0,0,0,0.0%,4,4
2016 Summer,Slovenia,1,2,1,4,5.7%,70,66
2016 Summer,Barbados,0,0,0,0,0.0%,13,13
2016 Summer,Cook Islands,0,0,0,0,0.0%,9,9
2016 Summer,Malta,0,0,0,0,0.0%,8,8
2016 Summer,Nepal,0,0,0,0,0.0%,7,7
2016 Summer,Sao Tome and Principe,0,0,0,0,0.0%,3,3
2016 Summer,Republic of Congo,0,0,0,0,0.0%,10,10
2016 Summer,Central African Republic,0,0,0,0,0.0%,6,6
2016 Summer,Senegal,0,0,0,0,0.0%,22,22
2016 Summer,Peru,0,0,0,0,0.0%,34,34
2016 Summer,Nauru,0,0,0,0,0.0%,2,2
2016 Summer,Guinea-Bissau,0,0,0,0,0.0%,5,5
2016 Summer,Laos,0,0,0,0,0.0%,5,5
2016 Summer,Rwanda,0,0,0,0,0.0%,7,7
2016 Summer,Timor-Leste,0,0,0,0,0.0%,3,3
2016 Summer,Albania,0,0,0,0,0.0%,6,6
2016 Summer,Luxembourg,0,0,0,0,0.0%,15,15
2016 Summer,Haiti,0,0,0,0,0.0%,10,10
2016 Summer,Boliva,0,0,0,0,0.0%,12,12
2016 Summer,Finland,0,0,1,1,1.5%,67,66
2016 Summer,Taiwan,1,0,4,5,7.5%,67,62
2016 Summer,Grenada,0,1,0,1,16.7%,6,5
2016 Summer,Zambia,0,0,0,0,0.0%,7,7
2016 Summer,Malawi,0,0,0,0,0.0%,5,5
2016 Summer,North Korea,2,3,2,7,18.4%,38,31
2016 Summer,Cambodia,0,0,0,0,0.0%,6,6
2016 Summer,"Virgin Islands, US",0,0,0,0,0.0%,7,7
2016 Summer,Mali,0,0,0,0,0.0%,6,6
2016 Summer,Marshall Islands,0,0,0,0,0.0%,5,5
2016 Summer,Monaco,0,0,0,0,0.0%,8,8
2016 Summer,Palau,0,0,0,0,0.0%,6,6
2016 Summer,Vietnam,1,1,0,2,7.1%,28,26
2016 Summer,Bermuda,0,0,0,0,0.0%,8,8
2016 Summer,Dominica,0,0,0,0,0.0%,2,2
2016 Summer,Equatorial Guinea,0,0,0,0,0.0%,1,1
2016 Summer,Tonga,0,0,0,0,0.0%,7,7
2016 Summer,Solomon Islands,0,0,0,0,0.0%,3,3
2016 Summer,Burundi,0,1,0,1,10.0%,10,9
2016 Summer,Kosovo,1,0,0,1,12.5%,8,7
2016 Summer,Iceland,0,0,0,0,0.0%,14,14
2016 Summer,"Virgin Islands, British",0,0,0,0,0.0%,4,4
2016 Summer,South Sudan,0,0,0,0,0.0%,3,3
2016 Summer,Liechtenstein,0,0,0,0,0.0%,3,3
2016 Summer,Tanzania,0,0,0,0,0.0%,7,7
2016 Summer,Myanmar,0,0,0,0,0.0%,8,8
2016 Summer,Guam,0,0,0,0,0.0%,5,5
2016 Summer,Maldives,0,0,0,0,0.0%,4,4
2016 Summer,Sierra Leone,0,0,0,0,0.0%,4,4
2016 Summer,Belize,0,0,0,0,0.0%,3,3
2016 Summer,American Samoa,0,0,0,0,0.0%,4,4
2016 Summer,Democratic Republic of the Congo,0,0,0,0,0.0%,4,4
2016 Summer,Bhutan,0,0,0,0,0.0%,2,2
2016 Summer,Kiribati,0,0,0,0,0.0%,3,3
2016 Summer,Burkina Faso,0,0,0,0,0.0%,5,5
2016 Summer,Suriname,0,0,0,0,0.0%,6,6
2016 Summer,Liberia,0,0,0,0,0.0%,3,3
2016 Summer,Nicaragua,0,0,0,0,0.0%,5,5
2016 Summer,Lesotho,0,0,0,0,0.0%,9,9
2016 Summer,Vanuatu,0,0,0,0,0.0%,4,4
2016 Summer,Aruba,0,0,0,0,0.0%,7,7
2016 Summer,Swaziland,0,0,0,0,0.0%,2,2
2016 Summer,Somalia,0,0,0,0,0.0%,2,2
2016 Summer,San Marino,0,0,0,0,0.0%,4,4
2014 Winter,Finland,2,7,24,33,22.4%,147,114
2014 Winter,Iran,0,0,0,0,0.0%,7,7
2014 Winter,USA,10,30,24,64,17.4%,367,303
2014 Winter,Latvia,0,5,6,11,13.4%,82,71
2014 Winter,Georgia,0,0,0,0,0.0%,7,7
2014 Winter,Ukraine,4,0,1,5,5.0%,101,96
2014 Winter,Belarus,5,0,1,6,8.3%,72,66
2014 Winter,Romania,0,0,0,0,0.0%,40,40
2014 Winter,Japan,1,4,6,11,6.4%,171,160
2014 Winter,UK,1,4,5,10,12.8%,78,68
2014 Winter,France,4,4,10,18,9.0%,201,183
2014 Winter,Switzerland,6,4,20,30,13.7%,219,189
2014 Winter,Belgium,0,0,0,0,0.0%,11,11
2014 Winter,Togo,0,0,0,0,0.0%,3,3
2014 Winter,Turkey,0,0,0,0,0.0%,11,11
2014 Winter,Canada,59,22,5,86,24.0%,359,273
2014 Winter,Italy,0,2,12,14,6.2%,227,213
2014 Winter,Kazakhstan,0,0,1,1,0.9%,115,114
2014 Winter,Monaco,0,0,0,0,0.0%,11,11
2014 Winter,Sweden,8,32,11,51,34.5%,148,97
2014 Winter,Australia,0,2,1,3,3.6%,84,81
2014 Winter,Russia,33,22,13,68,19.3%,353,285
2014 Winter,Germany,15,12,9,36,13.3%,271,235
2014 Winter,Austria,4,12,11,27,12.7%,213,186
2014 Winter,Bulgaria,0,0,0,0,0.0%,47,47
2014 Winter,Greece,0,0,0,0,0.0%,13,13
2014 Winter,Poland,4,4,3,11,7.4%,149,138
2014 Winter,Lithuania,0,0,0,0,0.0%,20,20
2014 Winter,Iceland,0,0,0,0,0.0%,11,11
2014 Winter,Norway,18,5,13,36,16.4%,219,183
2014 Winter,China,3,4,5,12,11.0%,109,97
2014 Winter,Slovakia,1,0,0,1,0.9%,115,114
2014 Winter,Czech Republic,2,7,2,11,6.1%,179,168
2014 Winter,Tonga,0,0,0,0,0.0%,1,1
2014 Winter,Argentina,0,0,0,0,0.0%,20,20
2014 Winter,Chile,0,0,0,0,0.0%,14,14
2014 Winter,New Zealand,0,0,0,0,0.0%,18,18
2014 Winter,Slovenia,2,2,4,8,6.9%,116,108
2014 Winter,Ireland,0,0,0,0,0.0%,8,8
2014 Winter,Hungary,0,0,0,0,0.0%,37,37
2014 Winter,Netherlands,13,7,9,29,35.4%,82,53
2014 Winter,Brazil,0,0,0,0,0.0%,17,17
2014 Winter,Taiwan,0,0,0,0,0.0%,5,5
2014 Winter,Mongolia,0,0,0,0,0.0%,2,2
2014 Winter,Azerbaijan,0,0,0,0,0.0%,4,4
2014 Winter,Croatia,0,1,0,1,4.0%,25,24
2014 Winter,Montenegro,0,0,0,0,0.0%,3,3
2014 Winter,Serbia,0,0,0,0,0.0%,17,17
2014 Winter,Israel,0,0,0,0,0.0%,6,6
2014 Winter,Moldova,0,0,0,0,0.0%,5,5
2014 Winter,"Virgin Islands, US",0,0,0,0,0.0%,2,2
2014 Winter,Peru,0,0,0,0,0.0%,5,5
2014 Winter,Spain,0,0,0,0,0.0%,39,39
2014 Winter,Lebanon,0,0,0,0,0.0%,3,3
2014 Winter,South Korea,7,5,2,14,10.8%,130,116
2014 Winter,"Virgin Islands, British",0,0,0,0,0.0%,1,1
2014 Winter,Macedonia,0,0,0,0,0.0%,6,6
2014 Winter,Dominica,0,0,0,0,0.0%,1,1
2014 Winter,Portugal,0,0,0,0,0.0%,4,4
2014 Winter,Jamaica,0,0,0,0,0.0%,2,2
2014 Winter,Denmark,0,0,0,0,0.0%,15,15
2014 Winter,Estonia,0,0,0,0,0.0%,66,66
2014 Winter,Armenia,0,0,0,0,0.0%,6,6
2014 Winter,Uzbekistan,0,0,0,0,0.0%,5,5
2014 Winter,Timor-Leste,0,0,0,0,0.0%,1,1
2014 Winter,Andorra,0,0,0,0,0.0%,12,12
2014 Winter,Liechtenstein,0,0,0,0,0.0%,5,5
2014 Winter,India,0,0,0,0,0.0%,2,2
2014 Winter,Pakistan,0,0,0,0,0.0%,1,1
2014 Winter,Bosnia and Herzegovina,0,0,0,0,0.0%,14,14
2014 Winter,Individual Olympic Athletes,0,0,0,0,0.0%,1,1
2014 Winter,Morocco,0,0,0,0,0.0%,4,4
2014 Winter,Hong Kong,0,0,0,0,0.0%,1,1
2014 Winter,Paraguay,0,0,0,0,0.0%,1,1
2014 Winter,Philippines,0,0,0,0,0.0%,1,1
2014 Winter,Albania,0,0,0,0,0.0%,2,2
2014 Winter,San Marino,0,0,0,0,0.0%,2,2
2014 Winter,Bermuda,0,0,0,0,0.0%,1,1
2014 Winter,Cyprus,0,0,0,0,0.0%,2,2
2014 Winter,Venezuela,0,0,0,0,0.0%,1,1
2014 Winter,Malta,0,0,0,0,0.0%,2,2
2014 Winter,Luxembourg,0,0,0,0,0.0%,1,1
2014 Winter,Tajikistan,0,0,0,0,0.0%,1,1
2014 Winter,Nepal,0,0,0,0,0.0%,1,1
2014 Winter,Zimbabwe,0,0,0,0,0.0%,2,2
2014 Winter,Thailand,0,0,0,0,0.0%,3,3
2014 Winter,Kyrgyzstan,0,0,0,0,0.0%,2,2
2014 Winter,Cayman Islands,0,0,0,0,0.0%,2,2
2014 Winter,Mexico,0,0,0,0,0.0%,1,1
2012 Summer,China,56,40,29,125,26.1%,479,354
2012 Summer,France,30,30,22,82,19.2%,426,344
2012 Summer,Morocco,0,0,1,1,1.5%,67,66
2012 Summer,Russia,50,39,51,140,25.5%,549,409
2012 Summer,Argentina,1,15,3,19,12.8%,148,129
2012 Summer,Italy,16,22,30,68,17.8%,382,314
2012 Summer,Algeria,1,0,0,1,2.6%,39,38
2012 Summer,Pakistan,0,0,0,0,0.0%,21,21
2012 Summer,Iran,4,5,3,12,21.1%,57,45
2012 Summer,Egypt,0,2,0,2,1.5%,132,130
2012 Summer,Australia,18,37,59,114,22.2%,514,400
2012 Summer,USA,145,57,46,248,36.0%,689,441
2012 Summer,Cameroon,0,0,0,0,0.0%,32,32
2012 Summer,Iraq,0,0,0,0,0.0%,8,8
2012 Summer,Uzbekistan,1,0,2,3,5.4%,56,53
2012 Summer,Azerbaijan,2,2,6,10,16.9%,59,49
2012 Summer,United Arab Emirates,0,0,0,0,0.0%,26,26
2012 Summer,Kyrgyzstan,0,0,0,0,0.0%,15,15
2012 Summer,Tajikistan,0,0,1,1,6.3%,16,15
2012 Summer,Canada,1,21,33,55,15.5%,354,299
2012 Summer,Cuba,5,3,6,14,11.9%,118,104
2012 Summer,Spain,5,33,25,63,18.6%,339,276
2012 Summer,Japan,7,44,33,84,21.1%,399,315
2012 Summer,Nigeria,0,0,0,0,0.0%,58,58
2012 Summer,Portugal,0,2,0,2,2.0%,98,96
2012 Summer,Switzerland,2,2,0,4,3.2%,126,122
2012 Summer,Colombia,1,3,4,8,6.7%,120,112
2012 Summer,Ethiopia,3,1,3,7,20.6%,34,27
2012 Summer,Jordan,0,0,0,0,0.0%,9,9
2012 Summer,Palestine,0,0,0,0,0.0%,5,5
2012 Summer,Kazakhstan,7,1,5,13,9.8%,132,119
2012 Summer,UK,48,30,48,126,18.4%,684,558
2012 Summer,Uganda,1,0,0,1,6.3%,16,15
2012 Summer,Tunisia,1,1,1,3,3.4%,87,84
2012 Summer,Netherlands,21,29,19,69,31.1%,222,153
2012 Summer,Mexico,16,5,3,24,20.2%,119,95
2012 Summer,Venezuela,1,0,0,1,1.2%,85,84
2012 Summer,Poland,2,2,8,12,4.7%,256,244
2012 Summer,Niger,0,0,0,0,0.0%,6,6
2012 Summer,Saint Kitts,0,0,0,0,0.0%,7,7
2012 Summer,New Zealand,9,3,15,27,13.2%,204,177
2012 Summer,Germany,45,27,22,94,18.4%,510,416
2012 Summer,Liberia,0,0,0,0,0.0%,3,3
2012 Summer,Eritrea,0,0,0,0,0.0%,12,12
2012 Summer,Brazil,14,34,11,59,19.3%,306,247
2012 Summer,Sweden,2,17,3,22,13.1%,168,146
2012 Summer,Belgium,0,1,2,3,2.1%,142,139
2012 Summer,Malaysia,0,1,1,2,5.3%,38,36
2012 Summer,Greece,0,0,3,3,2.6%,115,112
2012 Summer,Romania,2,8,6,16,10.3%,155,139
2012 Summer,Rwanda,0,0,0,0,0.0%,7,7
2012 Summer,Togo,0,0,0,0,0.0%,6,6
2012 Summer,Paraguay,0,0,0,0,0.0%,10,10
2012 Summer,Uruguay,0,0,0,0,0.0%,27,27
2012 Summer,Comoros,0,0,0,0,0.0%,3,3
2012 Summer,Indonesia,0,1,1,2,9.1%,22,20
2012 Summer,Maldives,0,0,0,0,0.0%,5,5
2012 Summer,Benin,0,0,0,0,0.0%,5,5
2012 Summer,Ivory Coast,0,0,0,0,0.0%,10,10
2012 Summer,Namibia,0,0,0,0,0.0%,9,9
2012 Summer,Estonia,0,1,1,2,5.6%,36,34
2012 Summer,Trinidad,1,4,5,10,26.3%,38,28
2012 Summer,Lithuania,2,1,2,5,6.9%,72,67
2012 Summer,Ukraine,9,5,12,26,8.6%,304,278
2012 Summer,Saint Vincent,0,0,0,0,0.0%,3,3
2012 Summer,Turkey,2,2,1,5,4.2%,119,114
2012 Summer,Cyprus,0,1,0,1,7.7%,13,12
2012 Summer,Saudi Arabia,0,0,4,4,17.4%,23,19
2012 Summer,Kuwait,0,0,1,1,8.3%,12,11
2012 Summer,Qatar,0,0,2,2,14.3%,14,12
2012 Summer,Bahrain,0,0,1,1,7.1%,14,13
2012 Summer,Yemen,0,0,0,0,0.0%,4,4
2012 Summer,Oman,0,0,0,0,0.0%,3,3
2012 Summer,Sudan,0,0,0,0,0.0%,6,6
2012 Summer,Finland,0,1,4,5,7.2%,69,64
2012 Summer,Fiji,0,0,0,0,0.0%,9,9
2012 Summer,Vanuatu,0,0,0,0,0.0%,5,5
2012 Summer,Jamaica,8,9,8,25,40.3%,62,37
2012 Summer,Guatemala,0,1,0,1,4.2%,24,23
2012 Summer,Puerto Rico,0,1,1,2,7.1%,28,26
2012 Summer,Bulgaria,0,1,1,2,2.7%,75,73
2012 Summer,Armenia,0,1,2,3,9.7%,31,28
2012 Summer,Latvia,1,0,2,3,6.0%,50,47
2012 Summer,Serbia,1,1,14,16,11.9%,134,118
2012 Summer,Belarus,3,12,8,23,12.4%,185,162
2012 Summer,"Virgin Islands, British",0,0,0,0,0.0%,2,2
2012 Summer,El Salvador,0,0,0,0,0.0%,11,11
2012 Summer,Madagascar,0,0,0,0,0.0%,7,7
2012 Summer,Djibouti,0,0,0,0,0.0%,4,4
2012 Summer,Croatia,15,4,16,35,29.7%,118,83
2012 Summer,Philippines,0,0,0,0,0.0%,11,11
2012 Summer,Seychelles,0,0,0,0,0.0%,6,6
2012 Summer,Barbados,0,0,0,0,0.0%,8,8
2012 Summer,Ecuador,0,0,0,0,0.0%,36,36
2012 Summer,Angola,0,0,0,0,0.0%,35,35
2012 Summer,Norway,15,1,1,17,24.6%,69,52
2012 Summer,Costa Rica,0,0,0,0,0.0%,11,11
2012 Summer,Austria,0,0,0,0,0.0%,90,90
2012 Summer,Bahamas,4,0,0,4,13.8%,29,25
2012 Summer,Botswana,0,1,0,1,25.0%,4,3
2012 Summer,Ghana,0,0,0,0,0.0%,7,7
2012 Summer,North Korea,4,0,2,6,10.5%,57,51
2012 Summer,Denmark,3,5,8,16,10.7%,149,133
2012 Summer,Kenya,2,4,5,11,21.6%,51,40
2012 Summer,Ireland,1,1,3,5,6.6%,76,71
2012 Summer,Mongolia,0,2,3,5,15.6%,32,27
2012 Summer,Slovenia,1,1,3,5,6.4%,78,73
2012 Summer,Palau,0,0,0,0,0.0%,5,5
2012 Summer,Hungary,12,8,6,26,12.9%,201,175
2012 Summer,India,0,2,4,6,6.3%,95,89
2012 Summer,Czech Republic,4,4,6,14,8.8%,159,145
2012 Summer,South Africa,6,2,1,9,6.2%,145,136
2012 Summer,Chile,0,0,0,0,0.0%,44,44
2012 Summer,Thailand,0,2,1,3,7.0%,43,40
2012 Summer,Dominican Republic,1,1,0,2,5.6%,36,34
2012 Summer,Peru,0,0,0,0,0.0%,16,16
2012 Summer,Iceland,0,0,0,0,0.0%,36,36
2012 Summer,Israel,0,0,0,0,0.0%,56,56
2012 Summer,Mauritius,0,0,0,0,0.0%,11,11
2012 Summer,Moldova,0,0,2,2,10.0%,20,18
2012 Summer,Guam,0,0,0,0,0.0%,8,8
2012 Summer,Hong Kong,0,0,1,1,1.8%,55,54
2012 Summer,Gabon,0,1,0,1,4.8%,21,20
2012 Summer,Myanmar,0,0,0,0,0.0%,6,6
2012 Summer,Afghanistan,0,0,1,1,16.7%,6,5
2012 Summer,Senegal,0,0,0,0,0.0%,32,32
2012 Summer,Lebanon,0,0,0,0,0.0%,10,10
2012 Summer,South Korea,18,13,30,61,19.6%,312,251
2012 Summer,Antigua,0,0,0,0,0.0%,4,4
2012 Summer,Republic of Congo,0,0,0,0,0.0%,7,7
2012 Summer,Boliva,0,0,0,0,0.0%,5,5
2012 Summer,Monaco,0,0,0,0,0.0%,6,6
2012 Summer,Syria,0,0,0,0,0.0%,10,10
2012 Summer,Montenegro,0,14,0,14,41.2%,34,20
2012 Summer,Guinea,0,0,0,0,0.0%,4,4
2012 Summer,Slovakia,0,1,4,5,7.7%,65,60
2012 Summer,Guyana,0,0,0,0,0.0%,6,6
2012 Summer,Turkmenistan,0,0,0,0,0.0%,10,10
2012 Summer,Saint Lucia,0,0,0,0,0.0%,4,4
2012 Summer,Albania,0,0,0,0,0.0%,10,10
2012 Summer,Honduras,0,0,0,0,0.0%,25,25
2012 Summer,Samoa,0,0,0,0,0.0%,9,9
2012 Summer,Andorra,0,0,0,0,0.0%,6,6
2012 Summer,Grenada,1,0,0,1,12.5%,8,7
2012 Summer,Burundi,0,0,0,0,0.0%,6,6
2012 Summer,Macedonia,0,0,0,0,0.0%,4,4
2012 Summer,Georgia,1,3,3,7,19.4%,36,29
2012 Summer,Individual Olympic Athletes,0,0,0,0,0.0%,4,4
2012 Summer,Malta,0,0,0,0,0.0%,5,5
2012 Summer,Central African Republic,0,0,0,0,0.0%,6,6
2012 Summer,Nicaragua,0,0,0,0,0.0%,6,6
2012 Summer,Cook Islands,0,0,0,0,0.0%,9,9
2012 Summer,Bermuda,0,0,0,0,0.0%,8,8
2012 Summer,Bangladesh,0,0,0,0,0.0%,7,7
2012 Summer,Luxembourg,0,0,0,0,0.0%,11,11
2012 Summer,Mozambique,0,0,0,0,0.0%,6,6
2012 Summer,Mali,0,0,0,0,0.0%,6,6
2012 Summer,Panama,0,0,0,0,0.0%,8,8
2012 Summer,Cambodia,0,0,0,0,0.0%,6,6
2012 Summer,Taiwan,0,1,1,2,3.6%,55,53
2012 Summer,Singapore,0,0,4,4,11.1%,36,32
2012 Summer,Bhutan,0,0,0,0,0.0%,2,2
2012 Summer,Zambia,0,0,0,0,0.0%,7,7
2012 Summer,Vietnam,0,0,0,0,0.0%,24,24
2012 Summer,Gambia,0,0,0,0,0.0%,2,2
2012 Summer,Sri Lanka,0,0,0,0,0.0%,8,8
2012 Summer,Zimbabwe,0,0,0,0,0.0%,9,9
2012 Summer,Sao Tome and Principe,0,0,0,0,0.0%,2,2
2012 Summer,Guinea-Bissau,0,0,0,0,0.0%,4,4
2012 Summer,Micronesia,0,0,0,0,0.0%,6,6
2012 Summer,Kiribati,0,0,0,0,0.0%,3,3
2012 Summer,Haiti,0,0,0,0,0.0%,5,5
2012 Summer,Nauru,0,0,0,0,0.0%,2,2
2012 Summer,Nepal,0,0,0,0,0.0%,5,5
2012 Summer,Libya,0,0,0,0,0.0%,4,4
2012 Summer,Mauritania,0,0,0,0,0.0%,2,2
2012 Summer,Equatorial Guinea,0,0,0,0,0.0%,2,2
2012 Summer,American Samoa,0,0,0,0,0.0%,4,4
2012 Summer,Somalia,0,0,0,0,0.0%,2,2
2012 Summer,Bosnia and Herzegovina,0,0,0,0,0.0%,8,8
2012 Summer,Tonga,0,0,0,0,0.0%,3,3
2012 Summer,Cayman Islands,0,0,0,0,0.0%,7,7
2012 Summer,Dominica,0,0,0,0,0.0%,2,2
2012 Summer,Marshall Islands,0,0,0,0,0.0%,4,4
2012 Summer,Tanzania,0,0,0,0,0.0%,6,6
2012 Summer,San Marino,0,0,0,0,0.0%,4,4
2012 Summer,"Virgin Islands, US",0,0,0,0,0.0%,9,9
2012 Summer,Swaziland,0,0,0,0,0.0%,3,3
2012 Summer,Liechtenstein,0,0,0,0,0.0%,4,4
2012 Summer,Aruba,0,0,0,0,0.0%,4,4
2012 Summer,Laos,0,0,0,0,0.0%,3,3
2012 Summer,Papua New Guinea,0,0,0,0,0.0%,8,8
2012 Summer,Democratic Republic of the Congo,0,0,0,0,0.0%,4,4
2012 Summer,Burkina Faso,0,0,0,0,0.0%,5,5
2012 Summer,Solomon Islands,0,0,0,0,0.0%,4,4
2012 Summer,NA,0,0,0,0,0.0%,3,3
2012 Summer,Lesotho,0,0,0,0,0.0%,4,4
2012 Summer,Brunei,0,0,0,0,0.0%,3,3
2012 Summer,Cape Verde,0,0,0,0,0.0%,3,3
2012 Summer,Belize,0,0,0,0,0.0%,3,3
2012 Summer,Timor-Leste,0,0,0,0,0.0%,2,2
2012 Summer,Chad,0,0,0,0,0.0%,2,2
2012 Summer,Suriname,0,0,0,0,0.0%,5,5
2012 Summer,Sierra Leone,0,0,0,0,0.0%,2,2
2012 Summer,Malawi,0,0,0,0,0.0%,3,3
2010 Winter,Pakistan,0,0,0,0,0.0%,1,1
2010 Winter,USA,12,63,22,97,28.4%,341,244
2010 Winter,Ukraine,0,0,0,0,0.0%,95,95
2010 Winter,Georgia,0,0,0,0,0.0%,9,9
2010 Winter,Belarus,1,1,1,3,3.2%,95,92
2010 Winter,Russia,6,5,14,25,9.0%,279,254
2010 Winter,Lebanon,0,0,0,0,0.0%,6,6
2010 Winter,Canada,67,15,8,90,29.2%,308,218
2010 Winter,Germany,15,24,15,54,20.8%,259,205
2010 Winter,Finland,0,1,46,47,32.2%,146,99
2010 Winter,UK,1,0,0,1,1.3%,78,77
2010 Winter,Denmark,0,0,0,0,0.0%,23,23
2010 Winter,Bulgaria,0,0,0,0,0.0%,41,41
2010 Winter,Sweden,11,3,4,18,10.5%,172,154
2010 Winter,Australia,2,1,0,3,6.1%,49,46
2010 Winter,Switzerland,6,0,6,12,6.3%,190,178
2010 Winter,France,2,6,6,14,7.1%,196,182
2010 Winter,South Korea,6,10,2,18,21.4%,84,66
2010 Winter,Norway,16,14,9,39,20.5%,190,151
2010 Winter,Japan,0,5,2,7,4.6%,153,146
2010 Winter,Romania,0,0,0,0,0.0%,49,49
2010 Winter,Italy,1,1,3,5,2.4%,208,203
2010 Winter,Latvia,0,3,0,3,3.7%,81,78
2010 Winter,Azerbaijan,0,0,0,0,0.0%,4,4
2010 Winter,Kazakhstan,0,1,0,1,1.0%,100,99
2010 Winter,Turkey,0,0,0,0,0.0%,9,9
2010 Winter,Morocco,0,0,0,0,0.0%,2,2
2010 Winter,Slovakia,1,1,1,3,2.8%,107,104
2010 Winter,Czech Republic,2,0,7,9,5.2%,172,163
2010 Winter,Moldova,0,0,0,0,0.0%,11,11
2010 Winter,Chile,0,0,0,0,0.0%,10,10
2010 Winter,Ireland,0,0,0,0,0.0%,7,7
2010 Winter,Slovenia,0,2,1,3,2.8%,107,104
2010 Winter,Austria,11,9,6,26,19.7%,132,106
2010 Winter,Hungary,0,0,0,0,0.0%,32,32
2010 Winter,Poland,1,3,4,8,7.5%,106,98
2010 Winter,Iceland,0,0,0,0,0.0%,7,7
2010 Winter,Netherlands,4,1,6,11,16.9%,65,54
2010 Winter,New Zealand,0,0,0,0,0.0%,22,22
2010 Winter,Croatia,0,2,1,3,8.1%,37,34
2010 Winter,Liechtenstein,0,0,0,0,0.0%,5,5
2010 Winter,China,9,3,7,19,15.0%,127,108
2010 Winter,Peru,0,0,0,0,0.0%,5,5
2010 Winter,San Marino,0,0,0,0,0.0%,1,1
2010 Winter,Spain,0,0,0,0,0.0%,35,35
2010 Winter,Brazil,0,0,0,0,0.0%,7,7
2010 Winter,Monaco,0,0,0,0,0.0%,6,6
2010 Winter,Macedonia,0,0,0,0,0.0%,4,4
2010 Winter,Greece,0,0,0,0,0.0%,12,12
2010 Winter,Colombia,0,0,0,0,0.0%,2,2
2010 Winter,Tajikistan,0,0,0,0,0.0%,4,4
2010 Winter,Estonia,0,1,0,1,1.6%,64,63
2010 Winter,Mongolia,0,0,0,0,0.0%,2,2
2010 Winter,Serbia,0,0,0,0,0.0%,15,15
2010 Winter,Argentina,0,0,0,0,0.0%,20,20
2010 Winter,Uzbekistan,0,0,0,0,0.0%,5,5
2010 Winter,Andorra,0,0,0,0,0.0%,20,20
2010 Winter,Belgium,0,0,0,0,0.0%,10,10
2010 Winter,Hong Kong,0,0,0,0,0.0%,3,3
2010 Winter,Iran,0,0,0,0,0.0%,7,7
2010 Winter,Bosnia and Herzegovina,0,0,0,0,0.0%,10,10
2010 Winter,Jamaica,0,0,0,0,0.0%,1,1
2010 Winter,India,0,0,0,0,0.0%,3,3
2010 Winter,Armenia,0,0,0,0,0.0%,6,6
2010 Winter,Algeria,0,0,0,0,0.0%,1,1
2010 Winter,North Korea,0,0,0,0,0.0%,3,3
2010 Winter,Montenegro,0,0,0,0,0.0%,2,2
2010 Winter,South Africa,0,0,0,0,0.0%,2,2
2010 Winter,Taiwan,0,0,0,0,0.0%,1,1
2010 Winter,Bermuda,0,0,0,0,0.0%,1,1
2010 Winter,Ghana,0,0,0,0,0.0%,1,1
2010 Winter,Lithuania,0,0,0,0,0.0%,13,13
2010 Winter,Cyprus,0,0,0,0,0.0%,4,4
2010 Winter,Israel,0,0,0,0,0.0%,4,4
2010 Winter,Kyrgyzstan,0,0,0,0,0.0%,3,3
2010 Winter,Senegal,0,0,0,0,0.0%,2,2
2010 Winter,Nepal,0,0,0,0,0.0%,1,1
2010 Winter,Portugal,0,0,0,0,0.0%,1,1
2010 Winter,Ethiopia,0,0,0,0,0.0%,1,1
2010 Winter,Albania,0,0,0,0,0.0%,2,2
2010 Winter,Cayman Islands,0,0,0,0,0.0%,1,1
2010 Winter,Mexico,0,0,0,0,0.0%,2,2
2008 Summer,Norway,16,5,1,22,21.6%,102,80
2008 Summer,Estonia,1,2,0,3,5.7%,53,50
2008 Summer,Spain,7,47,16,70,19.7%,355,285
2008 Summer,Russia,43,46,53,142,23.7%,600,458
2008 Summer,Belarus,8,5,16,29,12.2%,237,208
2008 Summer,France,25,24,28,77,17.2%,448,371
2008 Summer,Italy,8,14,20,42,9.2%,459,417
2008 Summer,Pakistan,0,0,0,0,0.0%,22,22
2008 Summer,Azerbaijan,1,2,4,7,15.9%,44,37
2008 Summer,Australia,31,42,76,149,26.1%,570,421
2008 Summer,South Africa,0,1,0,1,0.6%,179,178
2008 Summer,Canada,11,13,11,35,7.8%,449,414
2008 Summer,USA,127,110,80,317,41.5%,763,446
2008 Summer,Morocco,0,1,1,2,4.1%,49,47
2008 Summer,Egypt,0,0,1,1,0.9%,116,115
2008 Summer,Eritrea,0,0,0,0,0.0%,11,11
2008 Summer,Sudan,0,1,0,1,11.1%,9,8
2008 Summer,Algeria,0,1,1,2,3.5%,57,55
2008 Summer,Palestine,0,0,0,0,0.0%,4,4
2008 Summer,Iraq,0,0,0,0,0.0%,4,4
2008 Summer,Qatar,0,0,0,0,0.0%,20,20
2008 Summer,Kyrgyzstan,0,1,1,2,9.1%,22,20
2008 Summer,Tajikistan,0,1,1,2,12.5%,16,14
2008 Summer,Japan,23,15,13,51,11.2%,457,406
2008 Summer,Germany,42,16,41,99,17.7%,558,459
2008 Summer,Turkey,1,3,3,7,9.9%,71,64
2008 Summer,Ivory Coast,0,0,0,0,0.0%,22,22
2008 Summer,Kazakhstan,2,4,7,13,8.9%,146,133
2008 Summer,Sweden,0,5,2,7,4.1%,169,162
2008 Summer,Portugal,1,1,0,2,2.3%,87,85
2008 Summer,Angola,0,0,0,0,0.0%,33,33
2008 Summer,Iran,1,0,1,2,3.6%,55,53
2008 Summer,Bangladesh,0,0,0,0,0.0%,5,5
2008 Summer,Nigeria,0,16,7,23,25.8%,89,66
2008 Summer,Romania,5,1,16,22,12.8%,172,150
2008 Summer,Venezuela,0,0,1,1,0.8%,126,125
2008 Summer,India,1,0,2,3,4.5%,67,64
2008 Summer,UK,31,25,25,81,19.3%,420,339
2008 Summer,Tunisia,1,0,0,1,3.4%,29,28
2008 Summer,Argentina,20,0,31,51,35.2%,145,94
2008 Summer,Mexico,2,0,2,4,3.9%,103,99
2008 Summer,Cuba,2,34,11,47,27.5%,171,124
2008 Summer,Mauritius,0,0,1,1,9.1%,11,10
2008 Summer,Poland,6,13,1,20,6.3%,316,296
2008 Summer,New Zealand,4,2,9,15,7.5%,201,186
2008 Summer,Liberia,0,0,0,0,0.0%,4,4
2008 Summer,Ethiopia,4,1,2,7,24.1%,29,22
2008 Summer,Nepal,0,0,0,0,0.0%,8,8
2008 Summer,Armenia,0,0,6,6,23.1%,26,20
2008 Summer,Netherlands,39,18,4,61,21.6%,283,222
2008 Summer,Brazil,14,34,30,78,23.1%,338,260
2008 Summer,Ukraine,10,5,16,31,9.5%,327,296
2008 Summer,American Samoa,0,0,0,0,0.0%,4,4
2008 Summer,Belgium,1,4,0,5,4.5%,112,107
2008 Summer,Greece,0,3,4,7,4.0%,176,169
2008 Summer,Austria,0,1,2,3,3.2%,93,90
2008 Summer,Seychelles,0,0,0,0,0.0%,10,10
2008 Summer,Dominican Republic,1,1,0,2,7.4%,27,25
2008 Summer,Nicaragua,0,0,0,0,0.0%,7,7
2008 Summer,Paraguay,0,0,0,0,0.0%,7,7
2008 Summer,Comoros,0,0,0,0,0.0%,3,3
2008 Summer,Namibia,0,0,0,0,0.0%,11,11
2008 Summer,Bermuda,0,0,0,0,0.0%,6,6
2008 Summer,Samoa,0,0,0,0,0.0%,7,7
2008 Summer,Cyprus,0,0,0,0,0.0%,18,18
2008 Summer,Kenya,6,4,5,15,31.9%,47,32
2008 Summer,Saudi Arabia,0,0,0,0,0.0%,18,18
2008 Summer,Kuwait,0,0,0,0,0.0%,8,8
2008 Summer,Bahrain,0,0,0,0,0.0%,15,15
2008 Summer,Syria,0,0,0,0,0.0%,7,7
2008 Summer,Oman,0,0,0,0,0.0%,4,4
2008 Summer,Yemen,0,0,0,0,0.0%,8,8
2008 Summer,Jordan,0,0,0,0,0.0%,7,7
2008 Summer,United Arab Emirates,0,0,0,0,0.0%,9,9
2008 Summer,Finland,1,2,2,5,7.1%,70,65
2008 Summer,Jamaica,5,3,6,14,21.2%,66,52
2008 Summer,Lithuania,0,2,3,5,6.4%,78,73
2008 Summer,Bulgaria,1,1,3,5,5.7%,87,82
2008 Summer,Saint Vincent,0,0,0,0,0.0%,2,2
2008 Summer,Niger,0,0,0,0,0.0%,4,4
2008 Summer,Libya,0,0,0,0,0.0%,6,6
2008 Summer,Cameroon,1,0,0,1,3.1%,32,31
2008 Summer,Djibouti,0,0,0,0,0.0%,2,2
2008 Summer,Bosnia and Herzegovina,0,0,0,0,0.0%,7,7
2008 Summer,Guam,0,0,0,0,0.0%,7,7
2008 Summer,Croatia,0,2,3,5,4.0%,125,120
2008 Summer,Barbados,0,0,0,0,0.0%,10,10
2008 Summer,Chile,0,1,0,1,3.4%,29,28
2008 Summer,Honduras,0,0,0,0,0.0%,26,26
2008 Summer,Colombia,0,1,1,2,2.2%,90,88
2008 Summer,Uzbekistan,1,2,3,6,8.7%,69,63
2008 Summer,Bahamas,0,6,1,7,21.2%,33,26
2008 Summer,Malaysia,0,1,0,1,2.4%,42,41
2008 Summer,Ghana,0,0,0,0,0.0%,9,9
2008 Summer,South Korea,41,11,26,78,23.7%,329,251
2008 Summer,North Korea,2,1,3,6,9.1%,66,60
2008 Summer,Denmark,6,7,6,19,17.6%,108,89
2008 Summer,Madagascar,0,0,0,0,0.0%,6,6
2008 Summer,Philippines,0,0,0,0,0.0%,17,17
2008 Summer,Czech Republic,3,4,0,7,4.4%,158,151
2008 Summer,China,74,53,57,184,25.2%,730,546
2008 Summer,Turkmenistan,0,0,0,0,0.0%,10,10
2008 Summer,Latvia,1,1,1,3,5.7%,53,50
2008 Summer,Ireland,0,1,2,3,4.8%,63,60
2008 Summer,Thailand,2,2,0,4,7.5%,53,49
2008 Summer,Guatemala,0,0,0,0,0.0%,13,13
2008 Summer,El Salvador,0,0,0,0,0.0%,14,14
2008 Summer,Trinidad,5,1,0,6,17.1%,35,29
2008 Summer,Hungary,16,8,3,27,12.5%,216,189
2008 Summer,Iceland,0,14,0,14,45.2%,31,17
2008 Summer,Puerto Rico,0,0,0,0,0.0%,31,31
2008 Summer,Switzerland,3,1,7,11,9.5%,116,105
2008 Summer,Malta,0,0,0,0,0.0%,6,6
2008 Summer,Hong Kong,0,0,0,0,0.0%,47,47
2008 Summer,Haiti,0,0,0,0,0.0%,7,7
2008 Summer,Israel,0,0,1,1,1.7%,60,59
2008 Summer,Afghanistan,0,0,1,1,25.0%,4,3
2008 Summer,Senegal,0,0,0,0,0.0%,17,17
2008 Summer,Mongolia,2,2,0,4,12.9%,31,27
2008 Summer,Mali,0,0,0,0,0.0%,17,17
2008 Summer,Gabon,0,0,0,0,0.0%,4,4
2008 Summer,Ecuador,0,1,0,1,3.8%,26,25
2008 Summer,Antigua,0,0,0,0,0.0%,5,5
2008 Summer,Republic of Congo,0,0,0,0,0.0%,5,5
2008 Summer,Botswana,0,0,0,0,0.0%,11,11
2008 Summer,Zimbabwe,1,3,0,4,25.0%,16,12
2008 Summer,Peru,0,0,0,0,0.0%,13,13
2008 Summer,"Virgin Islands, US",0,0,0,0,0.0%,8,8
2008 Summer,Guinea,0,0,0,0,0.0%,5,5
2008 Summer,Slovakia,4,5,1,10,14.9%,67,57
2008 Summer,Grenada,0,0,0,0,0.0%,9,9
2008 Summer,Uganda,0,0,0,0,0.0%,11,11
2008 Summer,Tanzania,0,0,0,0,0.0%,9,9
2008 Summer,Saint Lucia,0,0,0,0,0.0%,4,4
2008 Summer,Georgia,3,0,3,6,15.8%,38,32
2008 Summer,Albania,0,0,0,0,0.0%,12,12
2008 Summer,Andorra,0,0,0,0,0.0%,5,5
2008 Summer,Serbia,0,1,14,15,15.5%,97,82
2008 Summer,Sierra Leone,0,0,0,0,0.0%,3,3
2008 Summer,Luxembourg,0,0,0,0,0.0%,19,19
2008 Summer,Panama,1,0,0,1,20.0%,5,4
2008 Summer,Papua New Guinea,0,0,0,0,0.0%,9,9
2008 Summer,Sao Tome and Principe,0,0,0,0,0.0%,4,4
2008 Summer,Central African Republic,0,0,0,0,0.0%,3,3
2008 Summer,Togo,0,0,1,1,25.0%,4,3
2008 Summer,Slovenia,1,2,2,5,6.8%,73,68
2008 Summer,Moldova,0,0,1,1,3.3%,30,29
2008 Summer,Costa Rica,0,0,0,0,0.0%,8,8
2008 Summer,Montenegro,0,0,0,0,0.0%,20,20
2008 Summer,Uruguay,0,0,0,0,0.0%,13,13
2008 Summer,San Marino,0,0,0,0,0.0%,4,4
2008 Summer,Fiji,0,0,0,0,0.0%,6,6
2008 Summer,Guyana,0,0,0,0,0.0%,4,4
2008 Summer,Zambia,0,0,0,0,0.0%,8,8
2008 Summer,Singapore,0,3,0,3,8.3%,36,33
2008 Summer,Boliva,0,0,0,0,0.0%,7,7
2008 Summer,Mozambique,0,0,0,0,0.0%,4,4
2008 Summer,Mauritania,0,0,0,0,0.0%,2,2
2008 Summer,Taiwan,0,0,4,4,4.3%,92,88
2008 Summer,Malawi,0,0,0,0,0.0%,4,4
2008 Summer,Indonesia,2,2,3,7,26.9%,26,19
2008 Summer,Laos,0,0,0,0,0.0%,4,4
2008 Summer,Saint Kitts,0,0,0,0,0.0%,6,6
2008 Summer,Marshall Islands,0,0,0,0,0.0%,5,5
2008 Summer,Cape Verde,0,0,0,0,0.0%,2,2
2008 Summer,Guinea-Bissau,0,0,0,0,0.0%,3,3
2008 Summer,Micronesia,0,0,0,0,0.0%,5,5
2008 Summer,Benin,0,0,0,0,0.0%,5,5
2008 Summer,Curacao,0,0,0,0,0.0%,4,4
2008 Summer,Bhutan,0,0,0,0,0.0%,2,2
2008 Summer,Nauru,0,0,0,0,0.0%,1,1
2008 Summer,Monaco,0,0,0,0,0.0%,5,5
2008 Summer,Rwanda,0,0,0,0,0.0%,4,4
2008 Summer,Swaziland,0,0,0,0,0.0%,4,4
2008 Summer,Vietnam,0,1,0,1,5.6%,18,17
2008 Summer,Palau,0,0,0,0,0.0%,5,5
2008 Summer,NA,0,0,0,0,0.0%,3,3
2008 Summer,Belize,0,0,0,0,0.0%,4,4
2008 Summer,Cayman Islands,0,0,0,0,0.0%,6,6
2008 Summer,Liechtenstein,0,0,0,0,0.0%,2,2
2008 Summer,Lebanon,0,0,0,0,0.0%,6,6
2008 Summer,Solomon Islands,0,0,0,0,0.0%,3,3
2008 Summer,"Virgin Islands, British",0,0,0,0,0.0%,2,2
2008 Summer,Cook Islands,0,0,0,0,0.0%,4,4
2008 Summer,Cambodia,0,0,0,0,0.0%,4,4
2008 Summer,Dominica,0,0,0,0,0.0%,2,2
2008 Summer,Maldives,0,0,0,0,0.0%,4,4
2008 Summer,Somalia,0,0,0,0,0.0%,2,2
2008 Summer,Gambia,0,0,0,0,0.0%,3,3
2008 Summer,Sri Lanka,0,0,0,0,0.0%,9,9
2008 Summer,Vanuatu,0,0,0,0,0.0%,3,3
2008 Summer,Kiribati,0,0,0,0,0.0%,2,2
2008 Summer,Democratic Republic of the Congo,0,0,0,0,0.0%,5,5
2008 Summer,Lesotho,0,0,0,0,0.0%,5,5
2008 Summer,Myanmar,0,0,0,0,0.0%,7,7
2008 Summer,Tonga,0,0,0,0,0.0%,3,3
2008 Summer,Equatorial Guinea,0,0,0,0,0.0%,3,3
2008 Summer,Chad,0,0,0,0,0.0%,2,2
2008 Summer,Macedonia,0,0,0,0,0.0%,7,7
2008 Summer,Suriname,0,0,0,0,0.0%,4,4
2008 Summer,Burkina Faso,0,0,0,0,0.0%,6,6
2008 Summer,Burundi,0,0,0,0,0.0%,3,3
2008 Summer,Aruba,0,0,0,0,0.0%,2,2
2008 Summer,Timor-Leste,0,0,0,0,0.0%,1,1
2006 Winter,Norway,2,9,12,23,14.3%,161,138
2006 Winter,Ukraine,0,0,3,3,2.8%,109,106
2006 Winter,Georgia,0,0,0,0,0.0%,4,4
2006 Winter,Russia,16,12,13,41,14.5%,283,242
2006 Winter,Croatia,1,2,0,3,6.5%,46,43
2006 Winter,Germany,23,25,6,54,20.5%,263,209
2006 Winter,Canada,30,28,11,69,22.6%,305,236
2006 Winter,Switzerland,5,7,9,21,11.6%,181,160
2006 Winter,Uzbekistan,0,0,0,0,0.0%,4,4
2006 Winter,USA,9,11,32,52,16.0%,325,273
2006 Winter,Argentina,0,0,0,0,0.0%,17,17
2006 Winter,Finland,0,34,7,41,29.3%,140,99
2006 Winter,India,0,0,0,0,0.0%,5,5
2006 Winter,UK,0,1,0,1,1.9%,54,53
2006 Winter,Kazakhstan,0,0,0,0,0.0%,97,97
2006 Winter,Sweden,35,21,8,64,38.1%,168,104
2006 Winter,Australia,1,0,1,2,4.4%,45,43
2006 Winter,Italy,11,0,14,25,8.6%,290,265
2006 Winter,France,3,2,10,15,9.4%,159,144
2006 Winter,South Korea,14,3,2,19,22.4%,85,66
2006 Winter,China,2,5,6,13,8.9%,146,133
2006 Winter,Belarus,0,1,0,1,1.4%,70,69
2006 Winter,Japan,1,0,0,1,0.5%,190,189
2006 Winter,Latvia,0,0,1,1,1.1%,92,91
2006 Winter,Chile,0,0,0,0,0.0%,15,15
2006 Winter,Lebanon,0,0,0,0,0.0%,7,7
2006 Winter,Romania,0,0,0,0,0.0%,53,53
2006 Winter,Andorra,0,0,0,0,0.0%,10,10
2006 Winter,Brazil,0,0,0,0,0.0%,12,12
2006 Winter,Spain,0,0,0,0,0.0%,28,28
2006 Winter,Turkey,0,0,0,0,0.0%,17,17
2006 Winter,Armenia,0,0,0,0,0.0%,9,9
2006 Winter,Slovakia,0,1,0,1,0.9%,114,113
2006 Winter,Czech Republic,1,2,24,27,15.9%,170,143
2006 Winter,Slovenia,0,0,0,0,0.0%,96,96
2006 Winter,Bulgaria,0,1,0,1,2.3%,44,43
2006 Winter,New Zealand,0,0,0,0,0.0%,18,18
2006 Winter,Algeria,0,0,0,0,0.0%,3,3
2006 Winter,Austria,16,7,7,30,22.7%,132,102
2006 Winter,Iceland,0,0,0,0,0.0%,12,12
2006 Winter,Poland,0,1,1,2,2.2%,91,89
2006 Winter,Kenya,0,0,0,0,0.0%,1,1
2006 Winter,Kyrgyzstan,0,0,0,0,0.0%,2,2
2006 Winter,Estonia,3,0,0,3,4.8%,63,60
2006 Winter,Netherlands,3,2,8,13,20.6%,63,50
2006 Winter,South Africa,0,0,0,0,0.0%,9,9
2006 Winter,Monaco,0,0,0,0,0.0%,10,10
2006 Winter,Moldova,0,0,0,0,0.0%,10,10
2006 Winter,Liechtenstein,0,0,0,0,0.0%,12,12
2006 Winter,San Marino,0,0,0,0,0.0%,1,1
2006 Winter,Israel,0,0,0,0,0.0%,6,6
2006 Winter,Ireland,0,0,0,0,0.0%,5,5
2006 Winter,Bosnia and Herzegovina,0,0,0,0,0.0%,9,9
2006 Winter,Macedonia,0,0,0,0,0.0%,5,5
2006 Winter,Hungary,0,0,0,0,0.0%,32,32
2006 Winter,Belgium,0,0,0,0,0.0%,8,8
2006 Winter,Greece,0,0,0,0,0.0%,8,8
2006 Winter,Lithuania,0,0,0,0,0.0%,14,14
2006 Winter,Tajikistan,0,0,0,0,0.0%,3,3
2006 Winter,Denmark,0,0,0,0,0.0%,4,4
2006 Winter,Mongolia,0,0,0,0,0.0%,2,2
2006 Winter,Azerbaijan,0,0,0,0,0.0%,2,2
2006 Winter,North Korea,0,0,0,0,0.0%,7,7
2006 Winter,Hong Kong,0,0,0,0,0.0%,3,3
2006 Winter,Venezuela,0,0,0,0,0.0%,1,1
2006 Winter,Cyprus,0,0,0,0,0.0%,2,2
2006 Winter,Costa Rica,0,0,0,0,0.0%,1,1
2006 Winter,Serbia,0,0,0,0,0.0%,11,11
2006 Winter,Taiwan,0,0,0,0,0.0%,1,1
2006 Winter,Luxembourg,0,0,0,0,0.0%,1,1
2006 Winter,Iran,0,0,0,0,0.0%,3,3
2006 Winter,Thailand,0,0,0,0,0.0%,1,1
2006 Winter,Madagascar,0,0,0,0,0.0%,2,2
2006 Winter,Senegal,0,0,0,0,0.0%,3,3
2006 Winter,Nepal,0,0,0,0,0.0%,1,1
2006 Winter,Portugal,0,0,0,0,0.0%,1,1
2006 Winter,Bermuda,0,0,0,0,0.0%,1,1
2006 Winter,Ethiopia,0,0,0,0,0.0%,1,1
2006 Winter,Albania,0,0,0,0,0.0%,3,3
2004 Summer,Norway,5,0,2,7,11.7%,60,53
2004 Summer,Estonia,0,1,2,3,6.7%,45,42
2004 Summer,Belarus,2,5,8,15,7.8%,192,177
2004 Summer,Greece,8,18,5,31,6.2%,499,468
2004 Summer,USA,117,75,71,263,36.2%,726,463
2004 Summer,Russia,48,46,95,189,31.9%,593,404
2004 Summer,France,21,10,22,53,11.5%,461,408
2004 Summer,Nicaragua,0,0,0,0,0.0%,6,6
2004 Summer,Iraq,0,0,0,0,0.0%,24,24
2004 Summer,Qatar,0,0,0,0,0.0%,15,15
2004 Summer,Pakistan,0,0,0,0,0.0%,26,26
2004 Summer,Egypt,1,1,3,5,4.8%,104,99
2004 Summer,Australia,49,77,31,157,26.1%,601,444
2004 Summer,Indonesia,1,1,3,5,12.8%,39,34
2004 Summer,Azerbaijan,1,0,4,5,13.5%,37,32
2004 Summer,Uzbekistan,2,1,2,5,6.3%,79,74
2004 Summer,Tajikistan,0,0,0,0,0.0%,9,9
2004 Summer,Kyrgyzstan,0,0,0,0,0.0%,32,32
2004 Summer,Japan,21,20,52,93,22.5%,414,321
2004 Summer,Spain,4,17,9,30,7.1%,423,393
2004 Summer,Turkey,3,3,5,11,14.9%,74,63
2004 Summer,Mali,0,0,0,0,0.0%,21,21
2004 Summer,Sweden,5,5,2,12,7.6%,157,145
2004 Summer,Brazil,18,19,3,40,12.6%,318,278
2004 Summer,Jordan,0,0,0,0,0.0%,8,8
2004 Summer,Sudan,0,0,0,0,0.0%,4,4
2004 Summer,Palestine,0,0,0,0,0.0%,3,3
2004 Summer,Libya,0,0,0,0,0.0%,8,8
2004 Summer,Somalia,0,0,0,0,0.0%,2,2
2004 Summer,Mexico,0,3,1,4,2.9%,137,133
2004 Summer,India,0,1,0,1,1.2%,81,80
2004 Summer,UK,17,25,15,57,15.8%,360,303
2004 Summer,Germany,41,45,63,149,25.2%,592,443
2004 Summer,New Zealand,4,2,0,6,3.3%,184,178
2004 Summer,Lithuania,1,2,0,3,4.3%,70,67
2004 Summer,Netherlands,4,51,22,77,29.2%,264,187
2004 Summer,Ukraine,8,8,31,47,13.2%,357,310
2004 Summer,Ethiopia,2,3,2,7,25.9%,27,20
2004 Summer,Italy,24,41,39,104,21.9%,474,370
2004 Summer,Algeria,0,0,0,0,0.0%,71,71
2004 Summer,Armenia,0,0,0,0,0.0%,19,19
2004 Summer,Malta,0,0,0,0,0.0%,7,7
2004 Summer,Cuba,32,8,22,62,35.0%,177,115
2004 Summer,Belize,0,0,0,0,0.0%,2,2
2004 Summer,Puerto Rico,0,0,0,0,0.0%,52,52
2004 Summer,Morocco,2,1,0,3,5.3%,57,54
2004 Summer,Finland,0,2,0,2,3.0%,67,65
2004 Summer,China,52,27,15,94,18.1%,518,424
2004 Summer,Argentina,28,0,21,49,27.4%,179,130
2004 Summer,Bermuda,0,0,0,0,0.0%,10,10
2004 Summer,Kazakhstan,1,4,3,8,6.2%,130,122
2004 Summer,Uganda,0,0,0,0,0.0%,11,11
2004 Summer,Hungary,24,12,4,40,15.5%,258,218
2004 Summer,Samoa,0,0,0,0,0.0%,3,3
2004 Summer,Cyprus,0,0,0,0,0.0%,21,21
2004 Summer,Iran,2,2,2,6,16.2%,37,31
2004 Summer,Bangladesh,0,0,0,0,0.0%,4,4
2004 Summer,Nigeria,0,0,8,8,10.1%,79,71
2004 Summer,Syria,0,0,1,1,16.7%,6,5
2004 Summer,Yemen,0,0,0,0,0.0%,3,3
2004 Summer,Saudi Arabia,0,0,0,0,0.0%,16,16
2004 Summer,Lebanon,0,0,0,0,0.0%,5,5
2004 Summer,Kuwait,0,0,0,0,0.0%,11,11
2004 Summer,United Arab Emirates,1,0,0,1,20.0%,5,4
2004 Summer,Bahrain,0,0,0,0,0.0%,10,10
2004 Summer,Oman,0,0,0,0,0.0%,2,2
2004 Summer,Benin,0,0,0,0,0.0%,4,4
2004 Summer,Niger,0,0,0,0,0.0%,4,4
2004 Summer,Bulgaria,2,1,14,17,14.3%,119,102
2004 Summer,Trinidad,0,0,1,1,3.8%,26,25
2004 Summer,Canada,3,10,4,17,4.3%,391,374
2004 Summer,Iceland,0,0,0,0,0.0%,34,34
2004 Summer,Central African Republic,0,0,0,0,0.0%,4,4
2004 Summer,Maldives,0,0,0,0,0.0%,4,4
2004 Summer,Switzerland,1,2,4,7,5.1%,138,131
2004 Summer,Austria,3,4,1,8,8.7%,92,84
2004 Summer,Jamaica,6,1,6,13,21.0%,62,49
2004 Summer,Barbados,0,0,0,0,0.0%,15,15
2004 Summer,Ivory Coast,0,0,0,0,0.0%,5,5
2004 Summer,Angola,0,0,0,0,0.0%,30,30
2004 Summer,Portugal,0,2,1,3,3.2%,93,90
2004 Summer,Venezuela,0,0,2,2,3.8%,53,51
2004 Summer,Timor-Leste,0,0,0,0,0.0%,2,2
2004 Summer,Namibia,0,0,0,0,0.0%,10,10
2004 Summer,Bahamas,1,0,1,2,7.1%,28,26
2004 Summer,San Marino,0,0,0,0,0.0%,5,5
2004 Summer,South Korea,14,28,10,52,15.1%,344,292
2004 Summer,Brunei,0,0,0,0,0.0%,1,1
2004 Summer,Croatia,15,3,3,21,21.0%,100,79
2004 Summer,Denmark,19,1,9,29,25.2%,115,86
2004 Summer,Colombia,0,0,2,2,2.8%,71,69
2004 Summer,Madagascar,0,0,0,0,0.0%,8,8
2004 Summer,Czech Republic,1,6,6,13,7.6%,171,158
2004 Summer,Mongolia,0,0,1,1,4.8%,21,20
2004 Summer,Ghana,0,0,0,0,0.0%,29,29
2004 Summer,Romania,23,5,11,39,20.2%,193,154
2004 Summer,Laos,0,0,0,0,0.0%,5,5
2004 Summer,Ireland,0,0,0,0,0.0%,55,55
2004 Summer,Guatemala,0,0,0,0,0.0%,19,19
2004 Summer,Dominican Republic,1,0,0,1,3.0%,33,32
2004 Summer,Chile,3,0,1,4,13.8%,29,25
2004 Summer,Costa Rica,0,0,0,0,0.0%,21,21
2004 Summer,Israel,1,0,1,2,4.3%,46,44
2004 Summer,Georgia,2,2,0,4,10.3%,39,35
2004 Summer,Zimbabwe,1,1,1,3,21.4%,14,11
2004 Summer,Grenada,0,0,0,0,0.0%,5,5
2004 Summer,Cameroon,1,0,0,1,5.3%,19,18
2004 Summer,Seychelles,0,0,0,0,0.0%,10,10
2004 Summer,Serbia,0,13,0,13,13.5%,96,83
2004 Summer,Tunisia,0,0,0,0,0.0%,64,64
2004 Summer,Afghanistan,0,0,0,0,0.0%,5,5
2004 Summer,Slovakia,3,2,5,10,11.9%,84,74
2004 Summer,Slovenia,0,2,3,5,4.9%,102,97
2004 Summer,Democratic Republic of the Congo,0,0,0,0,0.0%,6,6
2004 Summer,Senegal,0,0,0,0,0.0%,21,21
2004 Summer,Malaysia,0,0,0,0,0.0%,38,38
2004 Summer,Nepal,0,0,0,0,0.0%,6,6
2004 Summer,Antigua,0,0,0,0,0.0%,5,5
2004 Summer,Republic of Congo,0,0,0,0,0.0%,5,5
2004 Summer,Poland,4,2,6,12,5.4%,224,212
2004 Summer,Sierra Leone,0,0,0,0,0.0%,2,2
2004 Summer,Honduras,0,0,0,0,0.0%,5,5
2004 Summer,Kenya,1,4,2,7,15.2%,46,39
2004 Summer,Paraguay,0,17,0,17,77.3%,22,5
2004 Summer,South Africa,4,3,3,10,7.8%,128,118
2004 Summer,Botswana,0,0,0,0,0.0%,12,12
2004 Summer,Turkmenistan,0,0,0,0,0.0%,10,10
2004 Summer,Tanzania,0,0,0,0,0.0%,9,9
2004 Summer,Belgium,1,0,2,3,4.3%,70,67
2004 Summer,Andorra,0,0,0,0,0.0%,6,6
2004 Summer,Haiti,0,0,0,0,0.0%,8,8
2004 Summer,Gabon,0,0,0,0,0.0%,5,5
2004 Summer,Aruba,0,0,0,0,0.0%,4,4
2004 Summer,Moldova,0,0,0,0,0.0%,33,33
2004 Summer,Peru,0,0,0,0,0.0%,14,14
2004 Summer,Papua New Guinea,0,0,0,0,0.0%,6,6
2004 Summer,Micronesia,0,0,0,0,0.0%,5,5
2004 Summer,Thailand,3,1,4,8,15.7%,51,43
2004 Summer,Togo,0,0,0,0,0.0%,3,3
2004 Summer,Singapore,0,0,0,0,0.0%,22,22
2004 Summer,Philippines,0,0,0,0,0.0%,21,21
2004 Summer,Mauritius,0,0,0,0,0.0%,9,9
2004 Summer,Fiji,0,0,0,0,0.0%,9,9
2004 Summer,Guyana,0,0,0,0,0.0%,4,4
2004 Summer,Ecuador,0,0,0,0,0.0%,18,18
2004 Summer,Guinea-Bissau,0,0,0,0,0.0%,3,3
2004 Summer,Equatorial Guinea,0,0,0,0,0.0%,2,2
2004 Summer,Latvia,0,4,0,4,8.9%,45,41
2004 Summer,Hong Kong,0,2,0,2,4.8%,42,40
2004 Summer,Taiwan,2,4,3,9,8.7%,104,95
2004 Summer,Zambia,0,0,0,0,0.0%,6,6
2004 Summer,Malawi,0,0,0,0,0.0%,4,4
2004 Summer,Bhutan,0,0,0,0,0.0%,2,2
2004 Summer,North Korea,0,4,1,5,7.0%,71,66
2004 Summer,Guam,0,0,0,0,0.0%,4,4
2004 Summer,Albania,0,0,0,0,0.0%,7,7
2004 Summer,Uruguay,0,0,0,0,0.0%,18,18
2004 Summer,Saint Kitts,0,0,0,0,0.0%,2,2
2004 Summer,Sri Lanka,0,0,0,0,0.0%,8,8
2004 Summer,Panama,0,0,0,0,0.0%,5,5
2004 Summer,Mozambique,0,0,0,0,0.0%,4,4
2004 Summer,"Virgin Islands, British",0,0,0,0,0.0%,1,1
2004 Summer,Sao Tome and Principe,0,0,0,0,0.0%,2,2
2004 Summer,Suriname,0,0,0,0,0.0%,4,4
2004 Summer,Boliva,0,0,0,0,0.0%,11,11
2004 Summer,Luxembourg,0,0,0,0,0.0%,14,14
2004 Summer,Saint Vincent,0,0,0,0,0.0%,3,3
2004 Summer,Nauru,0,0,0,0,0.0%,3,3
2004 Summer,Monaco,0,0,0,0,0.0%,3,3
2004 Summer,Guinea,0,0,0,0,0.0%,4,4
2004 Summer,El Salvador,0,0,0,0,0.0%,9,9
2004 Summer,Rwanda,0,0,0,0,0.0%,5,5
2004 Summer,Comoros,0,0,0,0,0.0%,3,3
2004 Summer,Swaziland,0,0,0,0,0.0%,3,3
2004 Summer,Vietnam,0,0,0,0,0.0%,11,11
2004 Summer,"Virgin Islands, US",0,0,0,0,0.0%,9,9
2004 Summer,Bosnia and Herzegovina,0,0,0,0,0.0%,11,11
2004 Summer,Palau,0,0,0,0,0.0%,4,4
2004 Summer,Cayman Islands,0,0,0,0,0.0%,8,8
2004 Summer,Cape Verde,0,0,0,0,0.0%,3,3
2004 Summer,Burundi,0,0,0,0,0.0%,7,7
2004 Summer,Liechtenstein,0,0,0,0,0.0%,1,1
2004 Summer,Saint Lucia,0,0,0,0,0.0%,2,2
2004 Summer,Curacao,0,0,0,0,0.0%,3,3
2004 Summer,Eritrea,0,0,1,1,20.0%,5,4
2004 Summer,Cook Islands,0,0,0,0,0.0%,3,3
2004 Summer,Tonga,0,0,0,0,0.0%,5,5
2004 Summer,Cambodia,0,0,0,0,0.0%,4,4
2004 Summer,Macedonia,0,0,0,0,0.0%,14,14
2004 Summer,Dominica,0,0,0,0,0.0%,2,2
2004 Summer,Mauritania,0,0,0,0,0.0%,2,2
2004 Summer,Vanuatu,0,0,0,0,0.0%,2,2
2004 Summer,Solomon Islands,0,0,0,0,0.0%,2,2
2004 Summer,American Samoa,0,0,0,0,0.0%,3,3
2004 Summer,Lesotho,0,0,0,0,0.0%,3,3
2004 Summer,Kiribati,0,0,0,0,0.0%,3,3
2004 Summer,Chad,0,0,0,0,0.0%,1,1
2004 Summer,Myanmar,0,0,0,0,0.0%,2,2
2004 Summer,Gambia,0,0,0,0,0.0%,3,3
2004 Summer,Burkina Faso,0,0,0,0,0.0%,5,5
2004 Summer,Liberia,0,0,0,0,0.0%,2,2
2002 Winter,Finland,7,5,1,13,7.9%,165,152
2002 Winter,Norway,23,11,7,41,24.7%,166,125
2002 Winter,Estonia,1,1,1,3,5.9%,51,48
2002 Winter,"Virgin Islands, US",0,0,0,0,0.0%,8,8
2002 Winter,Ukraine,0,0,0,0,0.0%,111,111
2002 Winter,Poland,0,1,1,2,3.7%,54,52
2002 Winter,Germany,26,23,12,61,23.6%,259,198
2002 Winter,Russia,6,5,27,38,15.8%,240,202
2002 Winter,Switzerland,3,7,14,24,14.4%,167,143
2002 Winter,UK,5,0,1,6,8.6%,70,64
2002 Winter,Kazakhstan,0,0,0,0,0.0%,101,101
2002 Winter,Trinidad,0,0,0,0,0.0%,3,3
2002 Winter,Sweden,0,2,24,26,16.4%,159,133
2002 Winter,France,5,5,5,15,8.5%,176,161
2002 Winter,Georgia,0,0,0,0,0.0%,6,6
2002 Winter,Turkey,0,0,0,0,0.0%,5,5
2002 Winter,USA,11,58,15,84,26.8%,313,229
2002 Winter,Canada,52,7,15,74,34.4%,215,141
2002 Winter,Austria,3,4,13,20,13.5%,148,128
2002 Winter,Armenia,0,0,0,0,0.0%,17,17
2002 Winter,South Korea,5,2,0,7,8.0%,87,80
2002 Winter,China,2,5,9,16,14.8%,108,92
2002 Winter,Belarus,0,0,1,1,0.8%,123,122
2002 Winter,Romania,0,0,0,0,0.0%,41,41
2002 Winter,Italy,4,11,6,21,10.6%,198,177
2002 Winter,Andorra,0,0,0,0,0.0%,5,5
2002 Winter,Brazil,0,0,0,0,0.0%,10,10
2002 Winter,Argentina,0,0,0,0,0.0%,26,26
2002 Winter,Latvia,0,0,0,0,0.0%,68,68
2002 Winter,Japan,0,1,1,2,1.0%,203,201
2002 Winter,Slovakia,0,0,0,0,0.0%,79,79
2002 Winter,Czech Republic,1,2,0,3,1.8%,163,160
2002 Winter,Greece,0,0,0,0,0.0%,17,17
2002 Winter,Hungary,0,0,0,0,0.0%,46,46
2002 Winter,Lithuania,0,0,0,0,0.0%,21,21
2002 Winter,Chile,0,0,0,0,0.0%,11,11
2002 Winter,Bulgaria,0,1,2,3,5.6%,54,51
2002 Winter,Mongolia,0,0,0,0,0.0%,4,4
2002 Winter,Australia,2,0,0,2,4.9%,41,39
2002 Winter,Bosnia and Herzegovina,0,0,0,0,0.0%,4,4
2002 Winter,Netherlands,3,5,0,8,16.3%,49,41
2002 Winter,Israel,0,0,0,0,0.0%,7,7
2002 Winter,Denmark,0,0,0,0,0.0%,11,11
2002 Winter,Iceland,0,0,0,0,0.0%,12,12
2002 Winter,Venezuela,0,0,0,0,0.0%,4,4
2002 Winter,Kenya,0,0,0,0,0.0%,2,2
2002 Winter,Slovenia,0,0,4,4,4.2%,96,92
2002 Winter,Jamaica,0,0,0,0,0.0%,2,2
2002 Winter,Liechtenstein,0,0,0,0,0.0%,18,18
2002 Winter,Moldova,0,0,0,0,0.0%,9,9
2002 Winter,Monaco,0,0,0,0,0.0%,7,7
2002 Winter,Mexico,0,0,0,0,0.0%,3,3
2002 Winter,Taiwan,0,0,0,0,0.0%,6,6
2002 Winter,Kyrgyzstan,0,0,0,0,0.0%,4,4
2002 Winter,New Zealand,0,0,0,0,0.0%,16,16
2002 Winter,Belgium,0,0,0,0,0.0%,13,13
2002 Winter,Macedonia,0,0,0,0,0.0%,4,4
2002 Winter,Ireland,0,0,0,0,0.0%,9,9
2002 Winter,Serbia,0,0,0,0,0.0%,8,8
2002 Winter,Croatia,3,1,0,4,13.8%,29,25
2002 Winter,Tajikistan,0,0,0,0,0.0%,2,2
2002 Winter,Spain,0,0,0,0,0.0%,16,16
2002 Winter,Azerbaijan,0,0,0,0,0.0%,4,4
2002 Winter,Lebanon,0,0,0,0,0.0%,3,3
2002 Winter,San Marino,0,0,0,0,0.0%,1,1
2002 Winter,South Africa,0,0,0,0,0.0%,4,4
2002 Winter,Iran,0,0,0,0,0.0%,2,2
2002 Winter,India,0,0,0,0,0.0%,1,1
2002 Winter,Nepal,0,0,0,0,0.0%,2,2
2002 Winter,Cyprus,0,0,0,0,0.0%,2,2
2002 Winter,Costa Rica,0,0,0,0,0.0%,2,2
2002 Winter,Uzbekistan,0,0,0,0,0.0%,6,6
2002 Winter,Cameroon,0,0,0,0,0.0%,2,2
2002 Winter,Thailand,0,0,0,0,0.0%,2,2
2002 Winter,Hong Kong,0,0,0,0,0.0%,5,5
2002 Winter,Bermuda,0,0,0,0,0.0%,1,1
2002 Winter,Fiji,0,0,0,0,0.0%,2,2
2000 Summer,Finland,3,1,1,5,5.7%,88,83
2000 Summer,Norway,20,4,19,43,37.4%,115,72
2000 Summer,Netherlands,27,29,23,79,27.7%,285,206
2000 Summer,Egypt,0,0,0,0,0.0%,103,103
2000 Summer,Argentina,0,17,3,20,12.1%,165,145
2000 Summer,Cuba,18,35,12,65,24.0%,271,206
2000 Summer,Cameroon,18,0,0,18,46.2%,39,21
2000 Summer,Mexico,1,2,3,6,6.1%,98,92
2000 Summer,Italy,22,14,29,65,14.2%,457,392
2000 Summer,Pakistan,0,0,0,0,0.0%,27,27
2000 Summer,Azerbaijan,2,0,1,3,9.4%,32,29
2000 Summer,Canada,4,4,23,31,7.3%,422,391
2000 Summer,USA,130,61,51,242,31.7%,764,522
2000 Summer,Australia,60,69,54,183,23.2%,788,605
2000 Summer,Kuwait,0,0,1,1,3.3%,30,29
2000 Summer,Malaysia,0,0,0,0,0.0%,55,55
2000 Summer,Brunei,0,0,0,0,0.0%,2,2
2000 Summer,Sudan,0,0,0,0,0.0%,3,3
2000 Summer,Bahrain,0,0,0,0,0.0%,4,4
2000 Summer,Uzbekistan,1,1,2,4,4.7%,85,81
2000 Summer,Japan,5,31,8,44,12.1%,363,319
2000 Summer,Spain,3,19,20,42,9.7%,431,389
2000 Summer,Ethiopia,4,1,3,8,29.6%,27,19
2000 Summer,Sri Lanka,0,1,0,1,4.2%,24,23
2000 Summer,Syria,0,0,0,0,0.0%,8,8
2000 Summer,Morocco,0,1,4,5,9.1%,55,50
2000 Summer,Sweden,4,20,8,32,16.2%,198,166
2000 Summer,Russia,66,67,54,187,31.1%,602,415
2000 Summer,Jordan,0,0,0,0,0.0%,8,8
2000 Summer,China,39,23,17,79,19.1%,414,335
2000 Summer,Germany,31,23,64,118,20.8%,567,449
2000 Summer,UK,22,20,12,54,13.0%,415,361
2000 Summer,Uganda,0,0,0,0,0.0%,13,13
2000 Summer,Slovenia,3,0,0,3,3.3%,90,87
2000 Summer,Turkey,3,0,2,5,7.5%,67,62
2000 Summer,South Africa,0,2,3,5,3.1%,161,156
2000 Summer,Ghana,0,0,0,0,0.0%,28,28
2000 Summer,Algeria,1,1,3,5,9.8%,51,46
2000 Summer,Suriname,0,0,0,0,0.0%,5,5
2000 Summer,Somalia,0,0,0,0,0.0%,2,2
2000 Summer,Libya,0,0,0,0,0.0%,3,3
2000 Summer,France,22,30,14,66,14.0%,470,404
2000 Summer,Palau,0,0,0,0,0.0%,5,5
2000 Summer,Lithuania,2,0,15,17,22.1%,77,60
2000 Summer,Brazil,0,12,36,48,20.3%,236,188
2000 Summer,Ukraine,3,20,12,35,9.5%,368,333
2000 Summer,Iran,3,0,1,4,11.8%,34,30
2000 Summer,Nigeria,6,2,0,8,8.0%,100,92
2000 Summer,Greece,4,6,8,18,10.3%,175,157
2000 Summer,Croatia,1,0,9,10,9.3%,108,98
2000 Summer,Dominica,0,0,0,0,0.0%,4,4
2000 Summer,Denmark,18,3,4,25,20.2%,124,99
2000 Summer,Angola,0,0,0,0,0.0%,30,30
2000 Summer,Iraq,0,0,0,0,0.0%,4,4
2000 Summer,Maldives,0,0,0,0,0.0%,4,4
2000 Summer,New Zealand,1,0,3,4,2.3%,177,173
2000 Summer,Peru,0,0,0,0,0.0%,22,22
2000 Summer,Serbia,11,1,13,25,20.0%,125,100
2000 Summer,Hungary,25,24,4,53,22.3%,238,185
2000 Summer,Ivory Coast,0,0,0,0,0.0%,18,18
2000 Summer,Cyprus,0,0,0,0,0.0%,24,24
2000 Summer,Kazakhstan,3,4,0,7,4.4%,158,151
2000 Summer,Kyrgyzstan,0,0,1,1,1.4%,71,70
2000 Summer,Bangladesh,0,0,0,0,0.0%,6,6
2000 Summer,Saudi Arabia,0,1,1,2,8.7%,23,21
2000 Summer,Qatar,0,0,1,1,5.3%,19,18
2000 Summer,Lebanon,0,0,0,0,0.0%,6,6
2000 Summer,Oman,0,0,0,0,0.0%,8,8
2000 Summer,Palestine,0,0,0,0,0.0%,2,2
2000 Summer,Yemen,0,0,0,0,0.0%,2,2
2000 Summer,United Arab Emirates,0,0,0,0,0.0%,5,5
2000 Summer,Romania,27,6,13,46,18.3%,252,206
2000 Summer,Belarus,3,8,11,22,9.5%,231,209
2000 Summer,Trinidad,0,1,1,2,6.9%,29,27
2000 Summer,Iceland,0,0,1,1,3.4%,29,28
2000 Summer,Niger,0,0,0,0,0.0%,4,4
2000 Summer,Djibouti,0,0,0,0,0.0%,2,2
2000 Summer,Slovakia,2,3,1,6,4.5%,132,126
2000 Summer,Guyana,0,0,0,0,0.0%,4,4
2000 Summer,Jamaica,0,20,3,23,35.4%,65,42
2000 Summer,Barbados,0,0,1,1,3.6%,28,27
2000 Summer,Venezuela,0,0,0,0,0.0%,65,65
2000 Summer,Chile,0,0,17,17,29.3%,58,41
2000 Summer,Individual Olympic Athletes,0,0,0,0,0.0%,4,4
2000 Summer,Austria,3,1,0,4,3.5%,114,110
2000 Summer,Indonesia,2,4,2,8,14.8%,54,46
2000 Summer,Bahamas,6,0,5,11,28.2%,39,28
2000 Summer,San Marino,0,0,0,0,0.0%,4,4
2000 Summer,Mozambique,1,0,0,1,25.0%,4,3
2000 Summer,Portugal,0,0,2,2,3.1%,64,62
2000 Summer,Czech Republic,2,3,4,9,5.6%,162,153
2000 Summer,India,0,0,1,1,1.4%,70,69
2000 Summer,Bulgaria,5,6,2,13,8.7%,150,137
2000 Summer,Switzerland,1,11,2,14,10.1%,138,124
2000 Summer,Belgium,0,3,4,7,7.4%,94,87
2000 Summer,Malta,0,0,0,0,0.0%,7,7
2000 Summer,Luxembourg,0,0,0,0,0.0%,9,9
2000 Summer,Guinea-Bissau,0,0,0,0,0.0%,3,3
2000 Summer,Tunisia,0,0,0,0,0.0%,47,47
2000 Summer,Georgia,0,0,6,6,12.8%,47,41
2000 Summer,Eritrea,0,0,0,0,0.0%,3,3
2000 Summer,Turkmenistan,0,0,0,0,0.0%,8,8
2000 Summer,Madagascar,0,0,0,0,0.0%,13,13
2000 Summer,Mauritius,0,0,0,0,0.0%,26,26
2000 Summer,Estonia,1,0,2,3,7.3%,41,38
2000 Summer,Israel,0,0,1,1,1.7%,58,57
2000 Summer,Armenia,0,0,1,1,3.8%,26,25
2000 Summer,Kenya,2,3,2,7,11.9%,59,52
2000 Summer,Mongolia,0,0,0,0,0.0%,23,23
2000 Summer,South Korea,12,26,35,73,20.3%,359,286
2000 Summer,Guinea,0,0,0,0,0.0%,6,6
2000 Summer,Republic of Congo,0,0,0,0,0.0%,5,5
2000 Summer,Poland,7,10,7,24,10.0%,240,216
2000 Summer,Saint Vincent,0,0,0,0,0.0%,4,4
2000 Summer,Togo,0,0,0,0,0.0%,3,3
2000 Summer,Ecuador,0,0,0,0,0.0%,11,11
2000 Summer,Seychelles,0,0,0,0,0.0%,9,9
2000 Summer,Uruguay,0,1,0,1,5.9%,17,16
2000 Summer,Equatorial Guinea,0,0,0,0,0.0%,4,4
2000 Summer,Antigua,0,0,0,0,0.0%,4,4
2000 Summer,Botswana,0,0,0,0,0.0%,9,9
2000 Summer,Saint Kitts,0,0,0,0,0.0%,4,4
2000 Summer,Panama,0,0,0,0,0.0%,7,7
2000 Summer,Comoros,0,0,0,0,0.0%,2,2
2000 Summer,Tanzania,0,0,0,0,0.0%,4,4
2000 Summer,Colombia,1,0,0,1,1.9%,54,53
2000 Summer,"Virgin Islands, US",0,0,0,0,0.0%,12,12
2000 Summer,Sierra Leone,0,0,0,0,0.0%,3,3
2000 Summer,Latvia,1,1,1,3,5.0%,60,57
2000 Summer,Andorra,0,0,0,0,0.0%,5,5
2000 Summer,Monaco,0,0,0,0,0.0%,4,4
2000 Summer,Swaziland,0,0,0,0,0.0%,6,6
2000 Summer,Aruba,0,0,0,0,0.0%,5,5
2000 Summer,Moldova,0,1,1,2,5.7%,35,33
2000 Summer,Zimbabwe,0,0,0,0,0.0%,26,26
2000 Summer,Costa Rica,0,0,2,2,22.2%,9,7
2000 Summer,Guatemala,0,0,0,0,0.0%,18,18
2000 Summer,Nepal,0,0,0,0,0.0%,5,5
2000 Summer,Papua New Guinea,0,0,0,0,0.0%,5,5
2000 Summer,Macedonia,0,0,1,1,6.7%,15,14
2000 Summer,Gabon,0,0,0,0,0.0%,6,6
2000 Summer,Singapore,0,0,0,0,0.0%,23,23
2000 Summer,Ireland,0,1,0,1,1.3%,76,75
2000 Summer,Philippines,0,0,0,0,0.0%,22,22
2000 Summer,Bermuda,0,0,0,0,0.0%,7,7
2000 Summer,Puerto Rico,0,0,0,0,0.0%,38,38
2000 Summer,Zambia,0,0,0,0,0.0%,8,8
2000 Summer,Dominican Republic,0,0,0,0,0.0%,13,13
2000 Summer,Boliva,0,0,0,0,0.0%,5,5
2000 Summer,Mali,0,0,0,0,0.0%,5,5
2000 Summer,Paraguay,0,0,0,0,0.0%,5,5
2000 Summer,Honduras,0,0,0,0,0.0%,20,20
2000 Summer,North Korea,0,1,3,4,8.5%,47,43
2000 Summer,Hong Kong,0,0,0,0,0.0%,46,46
2000 Summer,Taiwan,0,1,4,5,6.7%,75,70
2000 Summer,Myanmar,0,0,0,0,0.0%,7,7
2000 Summer,Malawi,0,0,0,0,0.0%,2,2
2000 Summer,Guam,0,0,0,0,0.0%,7,7
2000 Summer,Bhutan,0,0,0,0,0.0%,2,2
2000 Summer,Thailand,1,0,2,3,4.4%,68,65
2000 Summer,Senegal,0,0,0,0,0.0%,32,32
2000 Summer,Haiti,0,0,0,0,0.0%,5,5
2000 Summer,"Virgin Islands, British",0,0,0,0,0.0%,1,1
2000 Summer,Central African Republic,0,0,0,0,0.0%,3,3
2000 Summer,Liberia,0,0,0,0,0.0%,10,10
2000 Summer,Nicaragua,0,0,0,0,0.0%,6,6
2000 Summer,Benin,0,0,0,0,0.0%,4,4
2000 Summer,Curacao,0,0,0,0,0.0%,8,8
2000 Summer,Mauritania,0,0,0,0,0.0%,2,2
2000 Summer,El Salvador,0,0,0,0,0.0%,10,10
2000 Summer,Cape Verde,0,0,0,0,0.0%,2,2
2000 Summer,Tajikistan,0,0,0,0,0.0%,4,4
2000 Summer,Bosnia and Herzegovina,0,0,0,0,0.0%,11,11
2000 Summer,Gambia,0,0,0,0,0.0%,2,2
2000 Summer,Liechtenstein,0,0,0,0,0.0%,2,2
2000 Summer,Namibia,0,0,0,0,0.0%,16,16
2000 Summer,Rwanda,0,0,0,0,0.0%,5,5
2000 Summer,Sao Tome and Principe,0,0,0,0,0.0%,2,2
2000 Summer,Burundi,0,0,0,0,0.0%,6,6
2000 Summer,Cambodia,0,0,0,0,0.0%,4,4
2000 Summer,Saint Lucia,0,0,0,0,0.0%,5,5
2000 Summer,Solomon Islands,0,0,0,0,0.0%,2,2
2000 Summer,Grenada,0,0,0,0,0.0%,3,3
2000 Summer,Samoa,0,0,0,0,0.0%,5,5
2000 Summer,Belize,0,0,0,0,0.0%,2,2
2000 Summer,Democratic Republic of the Congo,0,0,0,0,0.0%,3,3
2000 Summer,Vanuatu,0,0,0,0,0.0%,3,3
2000 Summer,Lesotho,0,0,0,0,0.0%,6,6
2000 Summer,Laos,0,0,0,0,0.0%,3,3
2000 Summer,Tonga,0,0,0,0,0.0%,3,3
2000 Summer,Albania,0,0,0,0,0.0%,5,5
2000 Summer,Vietnam,0,1,0,1,14.3%,7,6
2000 Summer,Cayman Islands,0,0,0,0,0.0%,4,4
2000 Summer,Micronesia,0,0,0,0,0.0%,5,5
2000 Summer,American Samoa,0,0,0,0,0.0%,4,4
2000 Summer,Chad,0,0,0,0,0.0%,3,3
2000 Summer,Fiji,0,0,0,0,0.0%,9,9
2000 Summer,Burkina Faso,0,0,0,0,0.0%,4,4
2000 Summer,Nauru,0,0,0,0,0.0%,2,2
2000 Summer,Cook Islands,0,0,0,0,0.0%,2,2
1998 Winter,Norway,13,15,12,40,26.8%,149,109
1998 Winter,Estonia,0,0,0,0,0.0%,48,48
1998 Winter,"Virgin Islands, US",0,0,0,0,0.0%,9,9
1998 Winter,France,2,1,12,15,9.4%,159,144
1998 Winter,Latvia,0,0,0,0,0.0%,49,49
1998 Winter,Georgia,0,0,0,0,0.0%,6,6
1998 Winter,Poland,0,0,0,0,0.0%,79,79
1998 Winter,Switzerland,6,5,3,14,11.9%,118,104
1998 Winter,Germany,22,12,10,44,20.3%,217,173
1998 Winter,Czech Republic,21,1,1,23,19.3%,119,96
1998 Winter,Sweden,0,2,5,7,4.8%,146,139
1998 Winter,South Korea,6,4,2,12,15.2%,79,67
1998 Winter,Finland,2,7,49,58,43.9%,132,74
1998 Winter,Russia,14,32,6,52,26.4%,197,145
1998 Winter,Turkey,0,0,0,0,0.0%,1,1
1998 Winter,Italy,3,9,5,17,9.5%,179,162
1998 Winter,USA,25,4,5,34,12.0%,284,250
1998 Winter,Belarus,0,0,2,2,1.9%,107,105
1998 Winter,UK,0,0,4,4,8.9%,45,41
1998 Winter,Puerto Rico,0,0,0,0,0.0%,7,7
1998 Winter,Japan,8,1,4,13,5.3%,245,232
1998 Winter,China,0,9,5,14,15.9%,88,74
1998 Winter,Greece,0,0,0,0,0.0%,16,16
1998 Winter,Canada,14,28,7,49,23.6%,208,159
1998 Winter,Spain,0,0,0,0,0.0%,24,24
1998 Winter,Azerbaijan,0,0,0,0,0.0%,4,4
1998 Winter,Romania,0,0,0,0,0.0%,29,29
1998 Winter,Kazakhstan,0,0,2,2,1.8%,114,112
1998 Winter,Brazil,0,0,0,0,0.0%,1,1
1998 Winter,Austria,3,5,12,20,13.0%,154,134
1998 Winter,Iceland,0,0,0,0,0.0%,12,12
1998 Winter,Ukraine,0,1,0,1,1.0%,104,103
1998 Winter,Slovakia,0,0,0,0,0.0%,64,64
1998 Winter,Hungary,0,0,0,0,0.0%,24,24
1998 Winter,Australia,0,0,1,1,2.9%,34,33
1998 Winter,Lithuania,0,0,0,0,0.0%,18,18
1998 Winter,Bulgaria,1,0,0,1,2.9%,34,33
1998 Winter,Mongolia,0,0,0,0,0.0%,3,3
1998 Winter,Bosnia and Herzegovina,0,0,0,0,0.0%,12,12
1998 Winter,New Zealand,0,0,0,0,0.0%,9,9
1998 Winter,Monaco,0,0,0,0,0.0%,6,6
1998 Winter,Denmark,0,5,0,5,26.3%,19,14
1998 Winter,Venezuela,0,0,0,0,0.0%,1,1
1998 Winter,Kenya,0,0,0,0,0.0%,1,1
1998 Winter,Slovenia,0,0,0,0,0.0%,69,69
1998 Winter,Netherlands,5,4,2,11,22.9%,48,37
1998 Winter,Liechtenstein,0,0,0,0,0.0%,19,19
1998 Winter,Moldova,0,0,0,0,0.0%,4,4
1998 Winter,Argentina,0,0,0,0,0.0%,6,6
1998 Winter,Israel,0,0,0,0,0.0%,3,3
1998 Winter,Taiwan,0,0,0,0,0.0%,9,9
1998 Winter,Uzbekistan,0,0,0,0,0.0%,4,4
1998 Winter,Armenia,0,0,0,0,0.0%,7,7
1998 Winter,Macedonia,0,0,0,0,0.0%,3,3
1998 Winter,Ireland,0,0,0,0,0.0%,10,10
1998 Winter,Serbia,0,0,0,0,0.0%,2,2
1998 Winter,Andorra,0,0,0,0,0.0%,7,7
1998 Winter,Croatia,0,0,0,0,0.0%,13,13
1998 Winter,Chile,0,0,0,0,0.0%,6,6
1998 Winter,North Korea,0,0,0,0,0.0%,17,17
1998 Winter,Jamaica,0,0,0,0,0.0%,6,6
1998 Winter,Trinidad,0,0,0,0,0.0%,2,2
1998 Winter,South Africa,0,0,0,0,0.0%,3,3
1998 Winter,Uruguay,0,0,0,0,0.0%,1,1
1998 Winter,India,0,0,0,0,0.0%,1,1
1998 Winter,Portugal,0,0,0,0,0.0%,2,2
1998 Winter,Luxembourg,0,0,0,0,0.0%,1,1
1998 Winter,Iran,0,0,0,0,0.0%,1,1
1998 Winter,Bermuda,0,0,0,0,0.0%,1,1
1998 Winter,Kyrgyzstan,0,0,0,0,0.0%,2,2
1998 Winter,Cyprus,0,0,0,0,0.0%,1,1
1998 Winter,Belgium,0,0,1,1,33.3%,3,2
1996 Summer,Finland,1,2,1,4,3.8%,105,101
1996 Summer,Netherlands,38,9,26,73,25.2%,290,217
1996 Summer,Norway,2,3,18,23,19.8%,116,93
1996 Summer,Estonia,0,0,0,0,0.0%,52,52
1996 Summer,Turkey,4,1,1,6,9.8%,61,55
1996 Summer,Spain,23,21,22,66,17.2%,384,318
1996 Summer,Italy,19,24,28,71,15.4%,460,389
1996 Summer,Pakistan,0,0,0,0,0.0%,24,24
1996 Summer,Canada,8,30,12,50,12.3%,408,358
1996 Summer,Egypt,0,0,0,0,0.0%,33,33
1996 Summer,Libya,0,0,0,0,0.0%,5,5
1996 Summer,Qatar,0,0,0,0,0.0%,13,13
1996 Summer,Comoros,0,0,0,0,0.0%,4,4
1996 Summer,Chad,0,0,0,0,0.0%,4,4
1996 Summer,Malaysia,0,2,1,3,7.0%,43,40
1996 Summer,Brunei,0,0,0,0,0.0%,1,1
1996 Summer,United Arab Emirates,0,0,0,0,0.0%,4,4
1996 Summer,Singapore,0,0,0,0,0.0%,35,35
1996 Summer,Azerbaijan,0,1,0,1,4.2%,24,23
1996 Summer,Uzbekistan,0,1,1,2,2.1%,95,93
1996 Summer,Japan,3,26,13,42,9.4%,448,406
1996 Summer,Cameroon,0,0,0,0,0.0%,19,19
1996 Summer,Algeria,2,0,1,3,6.4%,47,44
1996 Summer,Ivory Coast,0,0,0,0,0.0%,13,13
1996 Summer,Ghana,0,0,0,0,0.0%,40,40
1996 Summer,USA,159,48,52,259,30.9%,839,580
1996 Summer,India,0,0,1,1,1.9%,54,53
1996 Summer,Georgia,0,0,2,2,4.8%,42,40
1996 Summer,Slovenia,0,2,0,2,4.3%,47,45
1996 Summer,Portugal,1,0,2,3,2.3%,131,128
1996 Summer,France,21,10,20,51,11.3%,453,402
1996 Summer,Venezuela,0,0,0,0,0.0%,53,53
1996 Summer,Palestine,0,0,0,0,0.0%,1,1
1996 Summer,Kazakhstan,3,4,4,11,7.7%,142,131
1996 Summer,Mexico,0,0,1,1,0.9%,111,110
1996 Summer,Morocco,0,0,2,2,5.3%,38,36
1996 Summer,Uganda,0,0,1,1,8.3%,12,11
1996 Summer,Germany,42,35,47,124,19.8%,626,502
1996 Summer,Sudan,0,0,0,0,0.0%,4,4
1996 Summer,Greece,4,4,0,8,4.4%,180,172
1996 Summer,Australia,32,16,84,132,24.0%,550,418
1996 Summer,Somalia,0,0,0,0,0.0%,4,4
1996 Summer,Nigeria,17,4,3,24,28.6%,84,60
1996 Summer,Suriname,0,0,0,0,0.0%,11,11
1996 Summer,Ethiopia,2,0,1,3,15.8%,19,16
1996 Summer,Syria,1,0,0,1,12.5%,8,7
1996 Summer,Puerto Rico,0,0,1,1,1.1%,91,90
1996 Summer,Brazil,5,15,43,63,25.1%,251,188
1996 Summer,Hungary,8,9,26,43,13.7%,315,272
1996 Summer,Ukraine,10,5,19,34,9.7%,351,317
1996 Summer,Russia,36,45,34,115,20.8%,552,437
1996 Summer,Croatia,16,12,0,28,23.9%,117,89
1996 Summer,Dominica,0,0,0,0,0.0%,6,6
1996 Summer,Haiti,0,0,0,0,0.0%,7,7
1996 Summer,Tunisia,0,0,1,1,1.9%,52,51
1996 Summer,Benin,0,0,0,0,0.0%,7,7
1996 Summer,Cuba,37,8,10,55,30.9%,178,123
1996 Summer,Nicaragua,0,0,0,0,0.0%,28,28
1996 Summer,Kenya,1,4,3,8,14.8%,54,46
1996 Summer,UK,2,15,9,26,6.6%,391,365
1996 Summer,Iraq,0,0,0,0,0.0%,3,3
1996 Summer,Argentina,0,19,1,20,9.0%,221,201
1996 Summer,Mauritania,0,0,0,0,0.0%,4,4
1996 Summer,South Africa,3,1,1,5,4.5%,111,106
1996 Summer,Belarus,1,6,16,23,8.9%,259,236
1996 Summer,Papua New Guinea,0,0,0,0,0.0%,17,17
1996 Summer,Togo,0,0,0,0,0.0%,7,7
1996 Summer,Denmark,21,1,1,23,15.9%,145,122
1996 Summer,Kuwait,0,0,0,0,0.0%,27,27
1996 Summer,Saudi Arabia,0,0,0,0,0.0%,34,34
1996 Summer,Bahrain,0,0,0,0,0.0%,5,5
1996 Summer,Oman,0,0,0,0,0.0%,5,5
1996 Summer,Yemen,0,0,0,0,0.0%,4,4
1996 Summer,Jordan,0,0,0,0,0.0%,5,5
1996 Summer,Bangladesh,0,0,0,0,0.0%,4,4
1996 Summer,Sweden,3,23,5,31,13.3%,233,202
1996 Summer,Dominican Republic,0,0,0,0,0.0%,16,16
1996 Summer,Lithuania,0,0,11,11,13.6%,81,70
1996 Summer,Kyrgyzstan,0,0,0,0,0.0%,53,53
1996 Summer,Israel,0,0,1,1,2.6%,38,37
1996 Summer,Iceland,0,0,0,0,0.0%,15,15
1996 Summer,Djibouti,0,0,0,0,0.0%,5,5
1996 Summer,Moldova,0,2,1,3,6.0%,50,47
1996 Summer,Ireland,3,0,1,4,4.0%,99,95
1996 Summer,Trinidad,0,0,2,2,12.5%,16,14
1996 Summer,Guinea-Bissau,0,0,0,0,0.0%,3,3
1996 Summer,Romania,13,10,15,38,13.4%,284,246
1996 Summer,Sierra Leone,0,0,0,0,0.0%,19,19
1996 Summer,Democratic Republic of the Congo,0,0,0,0,0.0%,14,14
1996 Summer,San Marino,0,0,0,0,0.0%,7,7
1996 Summer,Maldives,0,0,0,0,0.0%,9,9
1996 Summer,Laos,0,0,0,0,0.0%,5,5
1996 Summer,South Korea,10,49,7,66,15.8%,417,351
1996 Summer,China,19,70,17,106,24.2%,438,332
1996 Summer,Solomon Islands,0,0,0,0,0.0%,4,4
1996 Summer,New Zealand,3,2,4,9,7.0%,129,120
1996 Summer,Cape Verde,0,0,0,0,0.0%,3,3
1996 Summer,Cyprus,0,0,0,0,0.0%,24,24
1996 Summer,Bulgaria,3,12,6,21,11.6%,181,160
1996 Summer,Honduras,0,0,0,0,0.0%,7,7
1996 Summer,Switzerland,5,6,0,11,6.4%,172,161
1996 Summer,Jamaica,1,3,12,16,23.2%,69,53
1996 Summer,Belgium,2,2,2,6,7.4%,81,75
1996 Summer,Colombia,0,0,0,0,0.0%,62,62
1996 Summer,Chile,0,0,0,0,0.0%,24,24
1996 Summer,Indonesia,2,1,3,6,13.3%,45,39
1996 Summer,Peru,0,0,0,0,0.0%,33,33
1996 Summer,Equatorial Guinea,0,0,0,0,0.0%,8,8
1996 Summer,Turkmenistan,0,0,0,0,0.0%,7,7
1996 Summer,"Virgin Islands, British",0,0,0,0,0.0%,11,11
1996 Summer,Armenia,1,1,0,2,5.3%,38,36
1996 Summer,Seychelles,0,0,0,0,0.0%,9,9
1996 Summer,Taiwan,0,1,0,1,0.9%,107,106
1996 Summer,Sao Tome and Principe,0,0,0,0,0.0%,2,2
1996 Summer,Republic of Congo,0,0,0,0,0.0%,5,5
1996 Summer,Czech Republic,4,5,4,13,7.7%,169,156
1996 Summer,Slovakia,1,1,1,3,3.1%,98,95
1996 Summer,Saint Vincent,0,0,0,0,0.0%,12,12
1996 Summer,Botswana,0,0,0,0,0.0%,7,7
1996 Summer,Saint Lucia,0,0,0,0,0.0%,8,8
1996 Summer,Poland,7,8,7,22,10.6%,207,185
1996 Summer,Cayman Islands,0,0,0,0,0.0%,9,9
1996 Summer,Andorra,0,0,0,0,0.0%,8,8
1996 Summer,Uruguay,0,0,0,0,0.0%,15,15
1996 Summer,Antigua,0,0,0,0,0.0%,19,19
1996 Summer,Saint Kitts,0,0,0,0,0.0%,14,14
1996 Summer,Serbia,1,12,13,26,32.9%,79,53
1996 Summer,Panama,0,0,0,0,0.0%,9,9
1996 Summer,Austria,0,1,2,3,3.3%,92,89
1996 Summer,Paraguay,0,0,0,0,0.0%,7,7
1996 Summer,Mongolia,0,0,1,1,5.6%,18,17
1996 Summer,Bermuda,0,0,0,0,0.0%,10,10
1996 Summer,Mauritius,0,0,0,0,0.0%,36,36
1996 Summer,"Virgin Islands, US",0,0,0,0,0.0%,14,14
1996 Summer,Namibia,0,2,0,2,20.0%,10,8
1996 Summer,El Salvador,0,0,0,0,0.0%,10,10
1996 Summer,Guam,0,0,0,0,0.0%,9,9
1996 Summer,Latvia,0,1,0,1,1.8%,55,54
1996 Summer,Central African Republic,0,0,0,0,0.0%,5,5
1996 Summer,Albania,0,0,0,0,0.0%,9,9
1996 Summer,Sri Lanka,0,0,0,0,0.0%,11,11
1996 Summer,Angola,0,0,0,0,0.0%,30,30
1996 Summer,Zimbabwe,0,0,0,0,0.0%,21,21
1996 Summer,Liechtenstein,0,0,0,0,0.0%,2,2
1996 Summer,Guatemala,0,0,0,0,0.0%,28,28
1996 Summer,Nepal,0,0,0,0,0.0%,6,6
1996 Summer,Fiji,0,0,0,0,0.0%,21,21
1996 Summer,Malta,0,0,0,0,0.0%,10,10
1996 Summer,Tajikistan,0,0,0,0,0.0%,8,8
1996 Summer,Macedonia,0,0,0,0,0.0%,16,16
1996 Summer,Gabon,0,0,0,0,0.0%,9,9
1996 Summer,Costa Rica,1,0,0,1,7.7%,13,12
1996 Summer,Philippines,0,1,0,1,5.6%,18,17
1996 Summer,Grenada,0,0,0,0,0.0%,5,5
1996 Summer,American Samoa,0,0,0,0,0.0%,7,7
1996 Summer,Ecuador,1,0,0,1,3.6%,28,27
1996 Summer,Boliva,0,0,0,0,0.0%,9,9
1996 Summer,Mali,0,0,0,0,0.0%,4,4
1996 Summer,Vietnam,0,0,0,0,0.0%,6,6
1996 Summer,Hong Kong,1,0,0,1,3.1%,32,31
1996 Summer,Thailand,1,0,1,2,3.4%,58,56
1996 Summer,North Korea,2,1,2,5,13.9%,36,31
1996 Summer,Zambia,0,1,0,1,12.5%,8,7
1996 Summer,Lebanon,0,0,0,0,0.0%,1,1
1996 Summer,Bahamas,0,5,0,5,13.9%,36,31
1996 Summer,Liberia,0,0,0,0,0.0%,7,7
1996 Summer,Barbados,0,0,0,0,0.0%,22,22
1996 Summer,Curacao,0,0,0,0,0.0%,7,7
1996 Summer,Bosnia and Herzegovina,0,0,0,0,0.0%,12,12
1996 Summer,Nauru,0,0,0,0,0.0%,3,3
1996 Summer,Senegal,0,0,0,0,0.0%,12,12
1996 Summer,Guinea,0,0,0,0,0.0%,5,5
1996 Summer,Monaco,0,0,0,0,0.0%,4,4
1996 Summer,Aruba,0,0,0,0,0.0%,3,3
1996 Summer,Guyana,0,0,0,0,0.0%,9,9
1996 Summer,Luxembourg,0,0,0,0,0.0%,7,7
1996 Summer,Gambia,0,0,0,0,0.0%,12,12
1996 Summer,Iran,1,1,1,3,16.7%,18,15
1996 Summer,Belize,0,0,0,0,0.0%,5,5
1996 Summer,Burundi,1,0,0,1,14.3%,7,6
1996 Summer,Samoa,0,0,0,0,0.0%,5,5
1996 Summer,Afghanistan,0,0,0,0,0.0%,2,2
1996 Summer,Tonga,0,1,0,1,20.0%,5,4
1996 Summer,Cambodia,0,0,0,0,0.0%,5,5
1996 Summer,Tanzania,0,0,0,0,0.0%,7,7
1996 Summer,Myanmar,0,0,0,0,0.0%,3,3
1996 Summer,Rwanda,0,0,0,0,0.0%,4,4
1996 Summer,Vanuatu,0,0,0,0,0.0%,4,4
1996 Summer,Mozambique,0,0,1,1,33.3%,3,2
1996 Summer,Bhutan,0,0,0,0,0.0%,2,2
1996 Summer,Burkina Faso,0,0,0,0,0.0%,5,5
1996 Summer,Niger,0,0,0,0,0.0%,3,3
1996 Summer,Lesotho,0,0,0,0,0.0%,11,11
1996 Summer,Swaziland,0,0,0,0,0.0%,6,6
1996 Summer,Malawi,0,0,0,0,0.0%,2,2
1996 Summer,Cook Islands,0,0,0,0,0.0%,3,3
1996 Summer,Madagascar,0,0,0,0,0.0%,14,14
1994 Winter,Netherlands,0,1,3,4,9.3%,43,39
1994 Winter,USA,6,8,5,19,8.0%,237,218
1994 Winter,Finland,0,1,29,30,26.8%,112,82
1994 Winter,Norway,8,17,5,30,18.9%,159,129
1994 Winter,Japan,3,5,2,10,8.0%,125,115
1994 Winter,"Virgin Islands, US",0,0,0,0,0.0%,10,10
1994 Winter,Georgia,0,0,0,0,0.0%,7,7
1994 Winter,Russia,19,13,4,36,17.3%,208,172
1994 Winter,Bulgaria,0,0,0,0,0.0%,38,38
1994 Winter,Germany,18,10,12,40,21.7%,184,144
1994 Winter,Switzerland,4,8,4,16,15.1%,106,90
1994 Winter,Czech Republic,0,0,0,0,0.0%,117,117
1994 Winter,France,0,1,10,11,6.5%,169,158
1994 Winter,South Korea,7,1,1,9,20.0%,45,36
1994 Winter,Italy,14,6,12,32,16.6%,193,161
1994 Winter,Denmark,0,0,0,0,0.0%,9,9
1994 Winter,Sweden,23,1,0,24,15.9%,151,127
1994 Winter,Armenia,0,0,0,0,0.0%,2,2
1994 Winter,Estonia,0,0,0,0,0.0%,67,67
1994 Winter,Puerto Rico,0,0,0,0,0.0%,6,6
1994 Winter,Greece,0,0,0,0,0.0%,15,15
1994 Winter,Spain,0,0,0,0,0.0%,33,33
1994 Winter,Romania,0,0,0,0,0.0%,48,48
1994 Winter,Iceland,0,0,0,0,0.0%,14,14
1994 Winter,Latvia,0,0,0,0,0.0%,42,42
1994 Winter,Austria,2,3,7,12,9.2%,130,118
1994 Winter,Canada,3,29,5,37,24.8%,149,112
1994 Winter,Bosnia and Herzegovina,0,0,0,0,0.0%,12,12
1994 Winter,Slovakia,0,0,0,0,0.0%,67,67
1994 Winter,Ukraine,1,0,1,2,3.3%,60,58
1994 Winter,Kazakhstan,1,2,0,3,4.2%,71,68
1994 Winter,Australia,0,0,4,4,8.5%,47,43
1994 Winter,Mongolia,0,0,0,0,0.0%,2,2
1994 Winter,Argentina,0,0,0,0,0.0%,20,20
1994 Winter,UK,0,0,3,3,5.9%,51,48
1994 Winter,Hungary,0,0,0,0,0.0%,28,28
1994 Winter,Monaco,0,0,0,0,0.0%,7,7
1994 Winter,Belgium,0,0,0,0,0.0%,8,8
1994 Winter,Poland,0,0,0,0,0.0%,59,59
1994 Winter,Uzbekistan,1,0,0,1,14.3%,7,6
1994 Winter,Liechtenstein,0,0,0,0,0.0%,25,25
1994 Winter,Taiwan,0,0,0,0,0.0%,2,2
1994 Winter,China,0,1,2,3,7.0%,43,40
1994 Winter,New Zealand,0,0,0,0,0.0%,16,16
1994 Winter,San Marino,0,0,0,0,0.0%,3,3
1994 Winter,Belarus,0,2,0,2,2.7%,74,72
1994 Winter,Slovenia,0,0,3,3,5.1%,59,56
1994 Winter,Lithuania,0,0,0,0,0.0%,13,13
1994 Winter,Andorra,0,0,0,0,0.0%,13,13
1994 Winter,Cyprus,0,0,0,0,0.0%,1,1
1994 Winter,Moldova,0,0,0,0,0.0%,4,4
1994 Winter,Luxembourg,0,0,0,0,0.0%,5,5
1994 Winter,Senegal,0,0,0,0,0.0%,1,1
1994 Winter,Trinidad,0,0,0,0,0.0%,2,2
1994 Winter,American Samoa,0,0,0,0,0.0%,2,2
1994 Winter,Chile,0,0,0,0,0.0%,7,7
1994 Winter,Portugal,0,0,0,0,0.0%,4,4
1994 Winter,South Africa,0,0,0,0,0.0%,3,3
1994 Winter,Brazil,0,0,0,0,0.0%,1,1
1994 Winter,Croatia,0,0,0,0,0.0%,11,11
1994 Winter,Bermuda,0,0,0,0,0.0%,1,1
1994 Winter,Fiji,0,0,0,0,0.0%,1,1
1994 Winter,Kyrgyzstan,0,0,0,0,0.0%,2,2
1994 Winter,Israel,0,0,0,0,0.0%,1,1
1994 Winter,Jamaica,0,0,0,0,0.0%,6,6
1994 Winter,Mexico,0,0,0,0,0.0%,1,1
1994 Winter,Turkey,0,0,0,0,0.0%,1,1
1992 Winter,Netherlands,1,1,2,4,10.0%,40,36
1992 Winter,USA,5,7,2,14,6.0%,234,220
1992 Winter,Norway,9,10,5,24,15.4%,156,132
1992 Winter,Japan,3,2,7,12,8.8%,136,124
1992 Winter,Sweden,1,0,6,7,5.1%,136,129
1992 Winter,"Virgin Islands, US",0,0,0,0,0.0%,19,19
1992 Winter,Lebanon,0,0,0,0,0.0%,8,8
1992 Winter,Poland,0,0,0,0,0.0%,98,98
1992 Winter,Switzerland,2,0,5,7,5.4%,129,122
1992 Winter,Czech Republic,0,0,27,27,18.2%,148,121
1992 Winter,Germany,14,17,7,38,19.7%,193,155
1992 Winter,South Korea,5,1,1,7,12.3%,57,50
1992 Winter,Morocco,0,0,0,0,0.0%,23,23
1992 Winter,Italy,4,9,8,21,11.7%,180,159
1992 Winter,Argentina,0,0,0,0,0.0%,46,46
1992 Winter,Bulgaria,0,0,0,0,0.0%,72,72
1992 Winter,Russia,35,10,14,59,27.6%,214,155
1992 Winter,France,5,6,1,12,6.5%,184,172
1992 Winter,Canada,5,28,3,36,19.4%,186,150
1992 Winter,Mongolia,0,0,0,0,0.0%,11,11
1992 Winter,Mexico,0,0,0,0,0.0%,34,34
1992 Winter,Puerto Rico,0,0,0,0,0.0%,6,6
1992 Winter,Greece,0,0,0,0,0.0%,26,26
1992 Winter,Latvia,0,0,0,0,0.0%,38,38
1992 Winter,Romania,0,0,0,0,0.0%,62,62
1992 Winter,Brazil,0,0,0,0,0.0%,16,16
1992 Winter,Austria,9,10,10,29,24.0%,121,92
1992 Winter,Boliva,0,0,0,0,0.0%,8,8
1992 Winter,Cyprus,0,0,0,0,0.0%,11,11
1992 Winter,UK,0,0,0,0,0.0%,90,90
1992 Winter,Serbia,0,0,0,0,0.0%,60,60
1992 Winter,Hungary,0,0,0,0,0.0%,62,62
1992 Winter,Slovenia,0,0,0,0,0.0%,61,61
1992 Winter,Monaco,0,0,0,0,0.0%,8,8
1992 Winter,Denmark,0,0,0,0,0.0%,13,13
1992 Winter,Turkey,0,0,0,0,0.0%,17,17
1992 Winter,Iceland,0,0,0,0,0.0%,15,15
1992 Winter,Belgium,0,0,0,0,0.0%,7,7
1992 Winter,Finland,6,1,6,13,11.4%,114,101
1992 Winter,Spain,0,0,1,1,2.2%,45,44
1992 Winter,Algeria,0,0,0,0,0.0%,8,8
1992 Winter,Liechtenstein,0,0,0,0,0.0%,18,18
1992 Winter,Australia,0,0,0,0,0.0%,41,41
1992 Winter,Curacao,0,0,0,0,0.0%,2,2
1992 Winter,Taiwan,0,0,0,0,0.0%,11,11
1992 Winter,North Korea,0,0,1,1,2.8%,36,35
1992 Winter,China,0,3,0,3,4.1%,74,71
1992 Winter,Costa Rica,0,0,0,0,0.0%,6,6
1992 Winter,India,0,0,0,0,0.0%,4,4
1992 Winter,Croatia,0,0,0,0,0.0%,8,8
1992 Winter,New Zealand,0,1,0,1,10.0%,10,9
1992 Winter,Lithuania,0,0,0,0,0.0%,13,13
1992 Winter,San Marino,0,0,0,0,0.0%,8,8
1992 Winter,Andorra,0,0,0,0,0.0%,14,14
1992 Winter,Swaziland,0,0,0,0,0.0%,3,3
1992 Winter,Luxembourg,0,2,0,2,40.0%,5,3
1992 Winter,Senegal,0,0,0,0,0.0%,10,10
1992 Winter,Jamaica,0,0,0,0,0.0%,8,8
1992 Winter,Estonia,0,0,0,0,0.0%,51,51
1992 Winter,Chile,0,0,0,0,0.0%,12,12
1992 Winter,Ireland,0,0,0,0,0.0%,4,4
1992 Winter,Honduras,0,0,0,0,0.0%,3,3
1992 Winter,Bermuda,0,0,0,0,0.0%,1,1
1992 Winter,Philippines,0,0,0,0,0.0%,2,2
1992 Summer,China,18,45,19,82,20.8%,394,312
1992 Summer,Finland,1,4,2,7,5.4%,130,123
1992 Summer,Norway,2,20,1,23,20.2%,114,91
1992 Summer,Estonia,1,0,2,3,6.5%,46,43
1992 Summer,Chad,0,0,0,0,0.0%,7,7
1992 Summer,Cuba,42,13,14,69,35.2%,196,127
1992 Summer,Chile,0,0,0,0,0.0%,15,15
1992 Summer,Hungary,14,23,8,45,12.8%,351,306
1992 Summer,Italy,21,10,14,45,10.4%,431,386
1992 Summer,Pakistan,0,0,16,16,57.1%,28,12
1992 Summer,Egypt,0,0,0,0,0.0%,83,83
1992 Summer,Algeria,1,0,1,2,5.6%,36,34
1992 Summer,Qatar,0,0,1,1,3.3%,30,29
1992 Summer,Djibouti,0,0,0,0,0.0%,8,8
1992 Summer,Malaysia,0,0,2,2,6.7%,30,28
1992 Summer,Iraq,0,0,0,0,0.0%,8,8
1992 Summer,Kuwait,0,0,0,0,0.0%,37,37
1992 Summer,Singapore,0,0,0,0,0.0%,37,37
1992 Summer,Russia,92,61,67,220,33.8%,650,430
1992 Summer,Japan,3,8,36,47,12.0%,392,345
1992 Summer,Ethiopia,1,0,2,3,12.5%,24,21
1992 Summer,Spain,48,19,2,69,12.8%,537,468
1992 Summer,Ivory Coast,0,0,0,0,0.0%,18,18
1992 Summer,India,0,0,0,0,0.0%,61,61
1992 Summer,Morocco,1,1,1,3,6.7%,45,42
1992 Summer,Portugal,0,0,0,0,0.0%,115,115
1992 Summer,Puerto Rico,0,0,1,1,1.0%,101,100
1992 Summer,Colombia,0,0,1,1,1.6%,61,60
1992 Summer,Ghana,0,0,20,20,48.8%,41,21
1992 Summer,Mexico,0,1,0,1,0.7%,140,139
1992 Summer,Seychelles,0,0,0,0,0.0%,21,21
1992 Summer,UK,8,3,39,50,9.8%,512,462
1992 Summer,Kenya,2,4,2,8,14.5%,55,47
1992 Summer,Poland,5,22,19,46,17.5%,263,217
1992 Summer,Czech Republic,4,3,1,8,3.0%,269,261
1992 Summer,Germany,81,57,60,198,30.3%,653,455
1992 Summer,Australia,14,27,16,57,14.6%,390,333
1992 Summer,USA,89,50,85,224,30.5%,734,510
1992 Summer,France,9,5,43,57,11.7%,486,429
1992 Summer,South Africa,0,3,0,3,2.1%,141,138
1992 Summer,Nigeria,0,7,4,11,15.3%,72,61
1992 Summer,Brazil,13,1,0,14,6.0%,233,219
1992 Summer,Sweden,1,27,7,35,13.9%,252,217
1992 Summer,Switzerland,1,0,0,1,0.6%,171,170
1992 Summer,Iran,0,1,2,3,6.8%,44,41
1992 Summer,Benin,0,0,0,0,0.0%,7,7
1992 Summer,Panama,0,0,0,0,0.0%,7,7
1992 Summer,Argentina,0,0,2,2,1.8%,111,109
1992 Summer,Nicaragua,0,0,0,0,0.0%,9,9
1992 Summer,Togo,0,0,0,0,0.0%,9,9
1992 Summer,Libya,0,0,0,0,0.0%,5,5
1992 Summer,Mauritania,0,0,0,0,0.0%,6,6
1992 Summer,United Arab Emirates,0,0,0,0,0.0%,36,36
1992 Summer,Bahrain,0,0,0,0,0.0%,15,15
1992 Summer,Oman,0,0,0,0,0.0%,5,5
1992 Summer,Syria,0,0,0,0,0.0%,9,9
1992 Summer,Saudi Arabia,0,0,0,0,0.0%,17,17
1992 Summer,Yemen,0,0,0,0,0.0%,8,8
1992 Summer,Jordan,0,0,0,0,0.0%,5,5
1992 Summer,Croatia,0,12,3,15,32.6%,46,31
1992 Summer,Individual Olympic Athletes,0,1,2,3,3.9%,76,73
1992 Summer,Canada,27,5,12,44,9.9%,445,401
1992 Summer,Bulgaria,3,7,7,17,7.2%,236,219
1992 Summer,"Virgin Islands, US",0,0,0,0,0.0%,34,34
1992 Summer,Samoa,0,0,0,0,0.0%,5,5
1992 Summer,Barbados,0,0,0,0,0.0%,22,22
1992 Summer,Guam,0,0,0,0,0.0%,45,45
1992 Summer,Philippines,0,0,1,1,2.6%,38,37
1992 Summer,Paraguay,0,0,0,0,0.0%,31,31
1992 Summer,Costa Rica,0,0,0,0,0.0%,20,20
1992 Summer,Peru,0,1,0,1,4.8%,21,20
1992 Summer,Central African Republic,0,0,0,0,0.0%,21,21
1992 Summer,Sierra Leone,0,0,0,0,0.0%,15,15
1992 Summer,Bangladesh,0,0,0,0,0.0%,9,9
1992 Summer,Sri Lanka,0,0,0,0,0.0%,16,16
1992 Summer,San Marino,0,0,0,0,0.0%,20,20
1992 Summer,Israel,0,1,1,2,4.5%,44,42
1992 Summer,Maldives,0,0,0,0,0.0%,10,10
1992 Summer,Democratic Republic of the Congo,0,0,0,0,0.0%,19,19
1992 Summer,Austria,0,6,0,6,4.7%,127,121
1992 Summer,South Korea,28,5,16,49,15.2%,322,273
1992 Summer,North Korea,4,0,6,10,8.1%,123,113
1992 Summer,Denmark,3,2,9,14,9.7%,144,130
1992 Summer,New Zealand,1,9,5,15,8.6%,175,160
1992 Summer,Iceland,0,0,0,0,0.0%,31,31
1992 Summer,Romania,8,31,14,53,17.3%,306,253
1992 Summer,Indonesia,2,3,1,6,11.8%,51,45
1992 Summer,Equatorial Guinea,0,0,0,0,0.0%,8,8
1992 Summer,Boliva,0,0,0,0,0.0%,21,21
1992 Summer,Belgium,0,1,2,3,2.9%,103,100
1992 Summer,Antigua,0,0,0,0,0.0%,18,18
1992 Summer,Dominican Republic,0,0,0,0,0.0%,32,32
1992 Summer,Netherlands,5,20,8,33,12.8%,257,224
1992 Summer,Greece,2,0,0,2,2.6%,76,74
1992 Summer,Lebanon,0,0,0,0,0.0%,18,18
1992 Summer,Suriname,0,0,1,1,11.1%,9,8
1992 Summer,Turkey,2,2,2,6,11.1%,54,48
1992 Summer,Solomon Islands,0,0,0,0,0.0%,1,1
1992 Summer,Senegal,0,0,0,0,0.0%,25,25
1992 Summer,Hong Kong,0,0,0,0,0.0%,66,66
1992 Summer,Guatemala,0,0,0,0,0.0%,41,41
1992 Summer,Cyprus,0,0,0,0,0.0%,19,19
1992 Summer,Papua New Guinea,0,0,0,0,0.0%,19,19
1992 Summer,Mongolia,0,0,2,2,5.3%,38,36
1992 Summer,Lithuania,1,0,12,13,24.1%,54,41
1992 Summer,Guinea,0,0,0,0,0.0%,11,11
1992 Summer,Cayman Islands,0,0,0,0,0.0%,13,13
1992 Summer,Honduras,0,0,0,0,0.0%,27,27
1992 Summer,Tunisia,0,0,0,0,0.0%,15,15
1992 Summer,Latvia,0,2,1,3,7.5%,40,37
1992 Summer,Ireland,1,1,0,2,2.6%,77,75
1992 Summer,Andorra,0,0,0,0,0.0%,8,8
1992 Summer,Slovenia,0,0,6,6,12.8%,47,41
1992 Summer,Republic of Congo,0,0,0,0,0.0%,10,10
1992 Summer,Albania,0,0,0,0,0.0%,9,9
1992 Summer,Jamaica,0,3,1,4,7.8%,51,47
1992 Summer,Liechtenstein,0,0,0,0,0.0%,8,8
1992 Summer,Fiji,0,0,0,0,0.0%,36,36
1992 Summer,Trinidad,0,0,0,0,0.0%,13,13
1992 Summer,Thailand,0,0,1,1,1.6%,64,63
1992 Summer,Gabon,0,0,0,0,0.0%,5,5
1992 Summer,Bermuda,0,0,0,0,0.0%,29,29
1992 Summer,American Samoa,0,0,0,0,0.0%,3,3
1992 Summer,Bosnia and Herzegovina,0,0,0,0,0.0%,13,13
1992 Summer,Tanzania,0,0,0,0,0.0%,9,9
1992 Summer,Zambia,0,0,0,0,0.0%,11,11
1992 Summer,Ecuador,0,0,0,0,0.0%,15,15
1992 Summer,Angola,0,0,0,0,0.0%,33,33
1992 Summer,Guyana,0,0,0,0,0.0%,7,7
1992 Summer,Malta,0,0,0,0,0.0%,8,8
1992 Summer,Taiwan,0,20,0,20,52.6%,38,18
1992 Summer,Belize,0,0,0,0,0.0%,18,18
1992 Summer,Uruguay,0,0,0,0,0.0%,18,18
1992 Summer,Zimbabwe,0,0,0,0,0.0%,28,28
1992 Summer,Mauritius,0,0,0,0,0.0%,22,22
1992 Summer,Luxembourg,0,0,0,0,0.0%,8,8
1992 Summer,Saint Vincent,0,0,0,0,0.0%,8,8
1992 Summer,Mali,0,0,0,0,0.0%,6,6
1992 Summer,Namibia,0,2,0,2,20.0%,10,8
1992 Summer,Curacao,0,0,0,0,0.0%,4,4
1992 Summer,Bahamas,0,0,1,1,5.6%,18,17
1992 Summer,Vietnam,0,0,0,0,0.0%,10,10
1992 Summer,Venezuela,0,0,0,0,0.0%,27,27
1992 Summer,Monaco,0,0,0,0,0.0%,4,4
1992 Summer,Aruba,0,0,0,0,0.0%,5,5
1992 Summer,Botswana,0,0,0,0,0.0%,6,6
1992 Summer,Swaziland,0,0,0,0,0.0%,10,10
1992 Summer,Sudan,0,0,0,0,0.0%,7,7
1992 Summer,Mozambique,0,0,0,0,0.0%,7,7
1992 Summer,Grenada,0,0,0,0,0.0%,5,5
1992 Summer,Vanuatu,0,0,0,0,0.0%,8,8
1992 Summer,Burkina Faso,0,0,0,0,0.0%,4,4
1992 Summer,"Virgin Islands, British",0,0,0,0,0.0%,4,4
1992 Summer,Haiti,0,0,0,0,0.0%,8,8
1992 Summer,El Salvador,0,0,0,0,0.0%,6,6
1992 Summer,Niger,0,0,0,0,0.0%,3,3
1992 Summer,Gambia,0,0,0,0,0.0%,8,8
1992 Summer,Bhutan,0,0,0,0,0.0%,12,12
1992 Summer,Cameroon,0,0,0,0,0.0%,12,12
1992 Summer,Laos,0,0,0,0,0.0%,7,7
1992 Summer,Myanmar,0,0,0,0,0.0%,5,5
1992 Summer,Tonga,0,0,0,0,0.0%,5,5
1992 Summer,Uganda,0,0,0,0,0.0%,9,9
1992 Summer,Lesotho,0,0,0,0,0.0%,8,8
1992 Summer,Rwanda,0,0,0,0,0.0%,10,10
1992 Summer,Malawi,0,0,0,0,0.0%,4,4
1992 Summer,Cook Islands,0,0,0,0,0.0%,2,2
1992 Summer,Madagascar,0,0,0,0,0.0%,17,17
1992 Summer,Nepal,0,0,0,0,0.0%,2,2
1988 Winter,Netherlands,3,2,2,7,28.0%,25,18
1988 Winter,Japan,0,0,1,1,0.9%,113,112
1988 Winter,"Virgin Islands, US",0,0,0,0,0.0%,7,7
1988 Winter,Spain,0,0,0,0,0.0%,29,29
1988 Winter,Norway,0,6,5,11,9.6%,115,104
1988 Winter,Switzerland,8,7,5,20,15.9%,126,106
1988 Winter,Poland,0,0,0,0,0.0%,43,43
1988 Winter,Germany,14,22,10,46,18.2%,253,207
1988 Winter,Sweden,7,0,23,30,23.8%,126,96
1988 Winter,Morocco,0,0,0,0,0.0%,6,6
1988 Winter,Italy,2,1,5,8,7.6%,105,97
1988 Winter,Russia,40,14,12,66,43.4%,152,86
1988 Winter,Bulgaria,0,0,0,0,0.0%,52,52
1988 Winter,USA,2,1,4,7,3.6%,197,190
1988 Winter,France,1,0,1,2,1.7%,115,113
1988 Winter,Mexico,0,0,0,0,0.0%,21,21
1988 Winter,Greece,0,0,0,0,0.0%,15,15
1988 Winter,Romania,0,0,0,0,0.0%,25,25
1988 Winter,Austria,3,5,4,12,7.8%,153,141
1988 Winter,Boliva,0,0,0,0,0.0%,8,8
1988 Winter,Puerto Rico,0,0,0,0,0.0%,17,17
1988 Winter,Argentina,0,0,0,0,0.0%,45,45
1988 Winter,Cyprus,0,0,0,0,0.0%,8,8
1988 Winter,UK,0,0,0,0,0.0%,95,95
1988 Winter,South Korea,0,0,0,0,0.0%,56,56
1988 Winter,Czech Republic,0,1,5,6,5.0%,119,113
1988 Winter,Guam,0,0,0,0,0.0%,1,1
1988 Winter,Liechtenstein,0,0,1,1,2.8%,36,35
1988 Winter,Canada,0,2,4,6,3.2%,190,184
1988 Winter,Serbia,0,5,1,6,12.2%,49,43
1988 Winter,Portugal,0,0,0,0,0.0%,8,8
1988 Winter,Monaco,0,0,0,0,0.0%,4,4
1988 Winter,Australia,0,0,0,0,0.0%,36,36
1988 Winter,Turkey,0,0,0,0,0.0%,19,19
1988 Winter,Finland,7,22,5,34,37.0%,92,58
1988 Winter,Guatemala,0,0,0,0,0.0%,15,15
1988 Winter,San Marino,0,0,0,0,0.0%,12,12
1988 Winter,Curacao,0,0,0,0,0.0%,3,3
1988 Winter,Taiwan,0,0,0,0,0.0%,22,22
1988 Winter,New Zealand,0,0,0,0,0.0%,19,19
1988 Winter,Mongolia,0,0,0,0,0.0%,9,9
1988 Winter,India,0,0,0,0,0.0%,3,3
1988 Winter,Denmark,0,0,0,0,0.0%,1,1
1988 Winter,Hungary,0,0,0,0,0.0%,7,7
1988 Winter,Andorra,0,0,0,0,0.0%,9,9
1988 Winter,Luxembourg,0,0,0,0,0.0%,3,3
1988 Winter,North Korea,0,0,0,0,0.0%,15,15
1988 Winter,Jamaica,0,0,0,0,0.0%,6,6
1988 Winter,Iceland,0,0,0,0,0.0%,6,6
1988 Winter,China,0,0,0,0,0.0%,15,15
1988 Winter,Costa Rica,0,0,0,0,0.0%,5,5
1988 Winter,Chile,0,0,0,0,0.0%,16,16
1988 Winter,Lebanon,0,0,0,0,0.0%,9,9
1988 Winter,Philippines,0,0,0,0,0.0%,1,1
1988 Winter,Belgium,0,0,0,0,0.0%,1,1
1988 Winter,Fiji,0,0,0,0,0.0%,1,1
1988 Summer,Netherlands,3,6,36,45,22.3%,202,157
1988 Summer,Bulgaria,10,14,17,41,14.6%,281,240
1988 Summer,Italy,11,10,8,29,7.8%,374,345
1988 Summer,Lebanon,0,0,0,0,0.0%,31,31
1988 Summer,Egypt,0,0,0,0,0.0%,59,59
1988 Summer,Algeria,0,0,0,0,0.0%,45,45
1988 Summer,Djibouti,0,0,1,1,16.7%,6,5
1988 Summer,Maldives,0,0,0,0,0.0%,9,9
1988 Summer,Yemen,0,0,0,0,0.0%,13,13
1988 Summer,United Arab Emirates,0,0,0,0,0.0%,36,36
1988 Summer,Nigeria,0,0,0,0,0.0%,86,86
1988 Summer,Kuwait,0,0,0,0,0.0%,34,34
1988 Summer,Russia,134,67,99,300,46.4%,647,347
1988 Summer,Japan,4,3,13,20,4.9%,412,392
1988 Summer,Spain,1,2,2,5,1.6%,317,312
1988 Summer,Sweden,0,5,11,16,6.4%,251,235
1988 Summer,Germany,111,91,94,296,32.2%,918,622
1988 Summer,Tunisia,0,0,0,0,0.0%,45,45
1988 Summer,Iraq,0,0,0,0,0.0%,28,28
1988 Summer,Niger,0,0,0,0,0.0%,6,6
1988 Summer,Libya,0,0,0,0,0.0%,7,7
1988 Summer,Hungary,20,9,15,44,14.0%,315,271
1988 Summer,India,0,0,0,0,0.0%,55,55
1988 Summer,Guyana,0,0,0,0,0.0%,8,8
1988 Summer,Portugal,1,0,0,1,1.1%,91,90
1988 Summer,France,12,4,13,29,7.0%,413,384
1988 Summer,USA,87,66,54,207,29.0%,715,508
1988 Summer,Kenya,5,2,2,9,10.2%,88,79
1988 Summer,Jordan,0,0,0,0,0.0%,9,9
1988 Summer,Uruguay,0,0,0,0,0.0%,18,18
1988 Summer,Morocco,1,0,2,3,10.3%,29,26
1988 Summer,Cameroon,0,0,0,0,0.0%,21,21
1988 Summer,Uganda,0,0,0,0,0.0%,30,30
1988 Summer,Brazil,1,17,5,23,9.9%,233,210
1988 Summer,Mexico,0,0,2,2,1.4%,144,142
1988 Summer,Mauritania,0,0,0,0,0.0%,7,7
1988 Summer,Czech Republic,3,4,3,10,4.4%,226,216
1988 Summer,Saint Vincent,0,0,0,0,0.0%,6,6
1988 Summer,UK,22,17,15,54,11.4%,472,418
1988 Summer,Puerto Rico,0,0,0,0,0.0%,56,56
1988 Summer,Australia,18,6,11,35,10.3%,339,304
1988 Summer,Jamaica,0,7,0,7,14.3%,49,42
1988 Summer,Philippines,0,0,1,1,2.4%,42,41
1988 Summer,Somalia,0,0,0,0,0.0%,5,5
1988 Summer,Ghana,0,0,0,0,0.0%,21,21
1988 Summer,Indonesia,0,3,0,3,7.0%,43,40
1988 Summer,Switzerland,0,6,2,8,5.3%,151,143
1988 Summer,Iran,0,1,0,1,3.8%,26,25
1988 Summer,Pakistan,0,0,1,1,3.0%,33,32
1988 Summer,Haiti,0,0,0,0,0.0%,5,5
1988 Summer,Malta,0,0,0,0,0.0%,6,6
1988 Summer,Argentina,0,1,12,13,9.7%,134,121
1988 Summer,Togo,0,0,0,0,0.0%,6,6
1988 Summer,Costa Rica,0,1,0,1,3.0%,33,32
1988 Summer,Chile,0,1,0,1,4.3%,23,22
1988 Summer,Finland,1,1,2,4,4.0%,101,97
1988 Summer,Turkey,1,1,0,2,3.9%,51,49
1988 Summer,Tanzania,0,0,0,0,0.0%,10,10
1988 Summer,Saudi Arabia,0,0,0,0,0.0%,13,13
1988 Summer,Syria,0,0,0,0,0.0%,13,13
1988 Summer,Oman,0,0,0,0,0.0%,13,13
1988 Summer,Bahrain,0,0,0,0,0.0%,16,16
1988 Summer,Qatar,0,0,0,0,0.0%,13,13
1988 Summer,Bangladesh,0,0,0,0,0.0%,11,11
1988 Summer,Benin,0,0,0,0,0.0%,10,10
1988 Summer,Colombia,0,0,1,1,1.8%,57,56
1988 Summer,Canada,4,5,14,23,4.6%,503,480
1988 Summer,Dominican Republic,0,0,0,0,0.0%,18,18
1988 Summer,Greece,0,0,1,1,1.4%,72,71
1988 Summer,Bermuda,0,0,0,0,0.0%,14,14
1988 Summer,Samoa,0,0,0,0,0.0%,11,11
1988 Summer,Norway,2,20,0,22,27.8%,79,57
1988 Summer,Peru,0,12,0,12,46.2%,26,14
1988 Summer,Malaysia,0,0,0,0,0.0%,17,17
1988 Summer,Central African Republic,0,0,0,0,0.0%,15,15
1988 Summer,Serbia,15,27,21,63,34.4%,183,120
1988 Summer,Israel,0,0,0,0,0.0%,29,29
1988 Summer,Democratic Republic of the Congo,0,0,0,0,0.0%,21,21
1988 Summer,South Korea,28,37,12,77,14.0%,551,474
1988 Summer,Guam,0,0,0,0,0.0%,26,26
1988 Summer,New Zealand,4,4,16,24,21.4%,112,88
1988 Summer,Romania,8,34,16,58,33.7%,172,114
1988 Summer,Singapore,0,0,0,0,0.0%,27,27
1988 Summer,Honduras,0,0,0,0,0.0%,18,18
1988 Summer,Sudan,0,0,0,0,0.0%,8,8
1988 Summer,Austria,1,0,0,1,1.0%,96,95
1988 Summer,Belgium,0,0,2,2,2.4%,85,83
1988 Summer,Guatemala,0,0,0,0,0.0%,37,37
1988 Summer,Iceland,0,0,0,0,0.0%,42,42
1988 Summer,Mozambique,0,0,0,0,0.0%,12,12
1988 Summer,Luxembourg,0,0,0,0,0.0%,11,11
1988 Summer,"Virgin Islands, British",0,0,0,0,0.0%,4,4
1988 Summer,Fiji,0,0,0,0,0.0%,41,41
1988 Summer,Suriname,1,0,0,1,10.0%,10,9
1988 Summer,Barbados,0,0,0,0,0.0%,26,26
1988 Summer,Senegal,0,1,0,1,2.9%,35,34
1988 Summer,Hong Kong,0,0,0,0,0.0%,91,91
1988 Summer,Papua New Guinea,0,0,0,0,0.0%,15,15
1988 Summer,El Salvador,0,0,0,0,0.0%,7,7
1988 Summer,Mongolia,0,0,1,1,3.1%,32,31
1988 Summer,Cyprus,0,0,0,0,0.0%,11,11
1988 Summer,Ivory Coast,0,0,0,0,0.0%,29,29
1988 Summer,Malawi,0,0,0,0,0.0%,22,22
1988 Summer,Guinea,0,0,0,0,0.0%,7,7
1988 Summer,Cayman Islands,0,0,0,0,0.0%,12,12
1988 Summer,"Virgin Islands, US",0,1,0,1,2.2%,46,45
1988 Summer,Zimbabwe,0,0,0,0,0.0%,47,47
1988 Summer,Poland,2,9,10,21,10.9%,192,171
1988 Summer,Denmark,3,1,3,7,5.4%,130,123
1988 Summer,Angola,0,0,0,0,0.0%,33,33
1988 Summer,Nepal,0,0,0,0,0.0%,20,20
1988 Summer,Liechtenstein,0,0,0,0,0.0%,16,16
1988 Summer,Monaco,0,0,0,0,0.0%,9,9
1988 Summer,Solomon Islands,0,0,0,0,0.0%,5,5
1988 Summer,Boliva,0,0,0,0,0.0%,12,12
1988 Summer,Belize,0,0,0,0,0.0%,13,13
1988 Summer,Republic of Congo,0,0,0,0,0.0%,10,10
1988 Summer,San Marino,0,0,0,0,0.0%,15,15
1988 Summer,Liberia,0,0,0,0,0.0%,11,11
1988 Summer,Curacao,0,1,0,1,25.0%,4,3
1988 Summer,Paraguay,0,0,0,0,0.0%,13,13
1988 Summer,Venezuela,0,0,0,0,0.0%,17,17
1988 Summer,Sri Lanka,0,0,0,0,0.0%,9,9
1988 Summer,Equatorial Guinea,0,0,0,0,0.0%,7,7
1988 Summer,Gabon,0,0,0,0,0.0%,2,2
1988 Summer,Antigua,0,0,0,0,0.0%,25,25
1988 Summer,Ireland,0,0,0,0,0.0%,78,78
1988 Summer,Zambia,0,0,0,0,0.0%,33,33
1988 Summer,China,6,16,30,52,12.2%,427,375
1988 Summer,Mali,0,0,0,0,0.0%,8,8
1988 Summer,Ecuador,0,0,0,0,0.0%,15,15
1988 Summer,Taiwan,0,0,0,0,0.0%,123,123
1988 Summer,Thailand,0,0,1,1,6.7%,15,14
1988 Summer,Trinidad,0,0,0,0,0.0%,10,10
1988 Summer,Mauritius,0,0,0,0,0.0%,11,11
1988 Summer,Grenada,0,0,0,0,0.0%,7,7
1988 Summer,Bahamas,0,0,0,0,0.0%,18,18
1988 Summer,Afghanistan,0,0,0,0,0.0%,5,5
1988 Summer,Gambia,0,0,0,0,0.0%,6,6
1988 Summer,Vanuatu,0,0,0,0,0.0%,6,6
1988 Summer,Vietnam,0,0,0,0,0.0%,12,12
1988 Summer,Panama,0,0,0,0,0.0%,9,9
1988 Summer,Swaziland,0,0,0,0,0.0%,15,15
1988 Summer,Sierra Leone,0,0,0,0,0.0%,20,20
1988 Summer,Bhutan,0,0,0,0,0.0%,6,6
1988 Summer,Rwanda,0,0,0,0,0.0%,8,8
1988 Summer,American Samoa,0,0,0,0,0.0%,6,6
1988 Summer,Tonga,0,0,0,0,0.0%,7,7
1988 Summer,Aruba,0,0,0,0,0.0%,12,12
1988 Summer,Chad,0,0,0,0,0.0%,6,6
1988 Summer,Botswana,0,0,0,0,0.0%,11,11
1988 Summer,Andorra,0,0,0,0,0.0%,4,4
1988 Summer,Burkina Faso,0,0,0,0,0.0%,9,9
1988 Summer,Cook Islands,0,0,0,0,0.0%,8,8
1988 Summer,Lesotho,0,0,0,0,0.0%,6,6
1988 Summer,Myanmar,0,0,0,0,0.0%,3,3
1988 Summer,Laos,0,0,0,0,0.0%,3,3
1984 Winter,Norway,6,5,4,15,15.5%,97,82
1984 Winter,Poland,0,0,0,0,0.0%,42,42
1984 Winter,Sweden,7,2,21,30,30.6%,98,68
1984 Winter,USA,4,5,0,9,5.8%,156,147
1984 Winter,Germany,16,14,11,41,18.2%,225,184
1984 Winter,Morocco,0,0,0,0,0.0%,7,7
1984 Winter,Russia,29,15,12,56,39.2%,143,87
1984 Winter,Australia,0,0,0,0,0.0%,20,20
1984 Winter,Switzerland,2,2,4,8,10.1%,79,71
1984 Winter,Canada,2,1,1,4,4.4%,91,87
1984 Winter,Argentina,0,0,0,0,0.0%,37,37
1984 Winter,Italy,2,0,0,2,1.7%,117,115
1984 Winter,Romania,0,0,0,0,0.0%,35,35
1984 Winter,Cyprus,0,0,0,0,0.0%,10,10
1984 Winter,Greece,0,0,0,0,0.0%,13,13
1984 Winter,Iceland,0,0,0,0,0.0%,10,10
1984 Winter,Bulgaria,0,0,0,0,0.0%,33,33
1984 Winter,France,0,1,2,3,5.3%,57,54
1984 Winter,Lebanon,0,0,0,0,0.0%,8,8
1984 Winter,South Korea,0,0,0,0,0.0%,38,38
1984 Winter,Serbia,0,1,0,1,0.9%,115,114
1984 Winter,China,0,0,0,0,0.0%,70,70
1984 Winter,UK,2,0,0,2,2.6%,78,76
1984 Winter,Czech Republic,0,24,4,28,35.4%,79,51
1984 Winter,Boliva,0,0,0,0,0.0%,5,5
1984 Winter,Turkey,0,0,0,0,0.0%,11,11
1984 Winter,San Marino,0,0,0,0,0.0%,6,6
1984 Winter,Netherlands,0,0,0,0,0.0%,29,29
1984 Winter,Costa Rica,0,0,0,0,0.0%,7,7
1984 Winter,Taiwan,0,0,0,0,0.0%,20,20
1984 Winter,Japan,0,1,0,1,1.3%,75,74
1984 Winter,Austria,0,0,1,1,1.0%,105,104
1984 Winter,Belgium,0,0,0,0,0.0%,9,9
1984 Winter,Mongolia,0,0,0,0,0.0%,12,12
1984 Winter,Egypt,0,0,0,0,0.0%,3,3
1984 Winter,Hungary,0,0,0,0,0.0%,16,16
1984 Winter,Spain,0,0,0,0,0.0%,25,25
1984 Winter,Chile,0,0,0,0,0.0%,12,12
1984 Winter,"Virgin Islands, British",0,0,0,0,0.0%,2,2
1984 Winter,Liechtenstein,0,0,2,2,10.5%,19,17
1984 Winter,New Zealand,0,0,0,0,0.0%,9,9
1984 Winter,Senegal,0,0,0,0,0.0%,2,2
1984 Winter,North Korea,0,0,0,0,0.0%,17,17
1984 Winter,Finland,4,3,12,19,23.8%,80,61
1984 Winter,Monaco,0,0,0,0,0.0%,2,2
1984 Winter,Andorra,0,0,0,0,0.0%,6,6
1984 Winter,Puerto Rico,0,0,0,0,0.0%,1,1
1984 Winter,Mexico,0,0,0,0,0.0%,3,3
1984 Summer,Netherlands,20,7,14,41,22.2%,185,144
1984 Summer,Spain,2,14,3,19,7.4%,257,238
1984 Summer,Chile,0,0,0,0,0.0%,64,64
1984 Summer,Italy,29,6,28,63,17.1%,368,305
1984 Summer,Malaysia,0,0,0,0,0.0%,27,27
1984 Summer,Jordan,0,0,0,0,0.0%,15,15
1984 Summer,Egypt,0,1,0,1,0.7%,148,147
1984 Summer,Canada,19,36,32,87,15.2%,572,485
1984 Summer,Saudi Arabia,0,0,0,0,0.0%,42,42
1984 Summer,Bahrain,0,0,0,0,0.0%,14,14
1984 Summer,United Arab Emirates,0,0,0,0,0.0%,11,11
1984 Summer,Japan,10,8,31,49,13.4%,365,316
1984 Summer,Cameroon,0,0,1,1,1.8%,56,55
1984 Summer,France,20,16,31,67,18.9%,354,287
1984 Summer,Benin,0,0,0,0,0.0%,3,3
1984 Summer,Algeria,0,0,2,2,6.1%,33,31
1984 Summer,Iraq,0,0,0,0,0.0%,25,25
1984 Summer,India,0,0,0,0,0.0%,53,53
1984 Summer,Costa Rica,0,0,0,0,0.0%,32,32
1984 Summer,USA,186,116,50,352,50.8%,693,341
1984 Summer,Brazil,1,33,2,36,18.3%,197,161
1984 Summer,Kuwait,0,0,0,0,0.0%,31,31
1984 Summer,Mexico,2,3,1,6,3.9%,155,149
1984 Summer,Switzerland,0,9,4,13,5.3%,245,232
1984 Summer,Uganda,0,0,0,0,0.0%,30,30
1984 Summer,Ecuador,0,0,0,0,0.0%,15,15
1984 Summer,New Zealand,16,1,6,23,14.2%,162,139
1984 Summer,Kenya,1,0,2,3,4.5%,67,64
1984 Summer,Dominican Republic,0,0,1,1,4.2%,24,23
1984 Summer,UK,9,20,42,71,13.9%,509,438
1984 Summer,Australia,7,14,31,52,15.4%,337,285
1984 Summer,Jamaica,0,5,2,7,9.3%,75,68
1984 Summer,Ghana,0,0,0,0,0.0%,27,27
1984 Summer,Nigeria,0,1,4,5,13.9%,36,31
1984 Summer,Somalia,0,0,0,0,0.0%,9,9
1984 Summer,Ivory Coast,0,1,0,1,5.6%,18,17
1984 Summer,Sweden,3,18,13,34,13.4%,254,220
1984 Summer,Monaco,0,0,0,0,0.0%,8,8
1984 Summer,Indonesia,0,0,0,0,0.0%,23,23
1984 Summer,Iceland,0,0,1,1,2.9%,35,34
1984 Summer,Morocco,2,0,0,2,5.7%,35,33
1984 Summer,Romania,40,31,35,106,54.9%,193,87
1984 Summer,Malta,0,0,0,0,0.0%,7,7
1984 Summer,Luxembourg,0,0,0,0,0.0%,5,5
1984 Summer,Germany,30,75,53,158,27.7%,571,413
1984 Summer,Puerto Rico,0,1,1,2,3.4%,58,56
1984 Summer,Cyprus,0,0,0,0,0.0%,12,12
1984 Summer,Argentina,0,0,0,0,0.0%,115,115
1984 Summer,Panama,0,0,0,0,0.0%,10,10
1984 Summer,Norway,0,1,3,4,3.0%,132,128
1984 Summer,Qatar,0,0,0,0,0.0%,26,26
1984 Summer,Pakistan,16,0,0,16,48.5%,33,17
1984 Summer,Syria,0,1,0,1,11.1%,9,8
1984 Summer,Turkey,0,0,3,3,4.8%,62,59
1984 Summer,Sudan,0,0,0,0,0.0%,9,9
1984 Summer,Finland,4,2,6,12,11.2%,107,95
1984 Summer,Oman,0,0,0,0,0.0%,22,22
1984 Summer,Yemen,0,0,0,0,0.0%,3,3
1984 Summer,Greece,0,1,1,2,2.7%,73,71
1984 Summer,Niger,0,0,0,0,0.0%,4,4
1984 Summer,Guatemala,0,0,0,0,0.0%,53,53
1984 Summer,Tunisia,0,0,0,0,0.0%,28,28
1984 Summer,Peru,0,1,0,1,2.3%,44,43
1984 Summer,Thailand,0,1,0,1,2.5%,40,39
1984 Summer,Central African Republic,0,0,0,0,0.0%,3,3
1984 Summer,Venezuela,0,0,3,3,6.8%,44,41
1984 Summer,Israel,0,0,0,0,0.0%,65,65
1984 Summer,Tanzania,0,0,0,0,0.0%,21,21
1984 Summer,South Korea,6,28,7,41,17.1%,240,199
1984 Summer,Serbia,47,5,35,87,56.5%,154,67
1984 Summer,Denmark,0,3,10,13,17.6%,74,61
1984 Summer,Mauritius,0,0,0,0,0.0%,7,7
1984 Summer,Singapore,0,0,0,0,0.0%,14,14
1984 Summer,Portugal,1,0,2,3,6.3%,48,45
1984 Summer,Belgium,1,2,2,5,5.8%,86,81
1984 Summer,Colombia,0,1,0,1,2.1%,48,47
1984 Summer,Trinidad,0,0,0,0,0.0%,23,23
1984 Summer,Lebanon,0,0,0,0,0.0%,30,30
1984 Summer,Boliva,0,0,0,0,0.0%,13,13
1984 Summer,Fiji,0,0,0,0,0.0%,26,26
1984 Summer,Philippines,0,0,0,0,0.0%,32,32
1984 Summer,Solomon Islands,0,0,0,0,0.0%,3,3
1984 Summer,Austria,1,1,1,3,2.3%,130,127
1984 Summer,Samoa,0,0,0,0,0.0%,9,9
1984 Summer,Honduras,0,0,0,0,0.0%,26,26
1984 Summer,Malawi,0,0,0,0,0.0%,23,23
1984 Summer,China,24,13,37,74,22.9%,323,249
1984 Summer,Senegal,0,0,0,0,0.0%,29,29
1984 Summer,Democratic Republic of the Congo,0,0,0,0,0.0%,9,9
1984 Summer,Botswana,0,0,0,0,0.0%,8,8
1984 Summer,"Virgin Islands, British",0,0,0,0,0.0%,13,13
1984 Summer,Guyana,0,0,0,0,0.0%,12,12
1984 Summer,Grenada,0,0,0,0,0.0%,6,6
1984 Summer,Barbados,0,0,0,0,0.0%,25,25
1984 Summer,Curacao,0,0,0,0,0.0%,13,13
1984 Summer,Republic of Congo,0,0,0,0,0.0%,13,13
1984 Summer,Sierra Leone,0,0,0,0,0.0%,10,10
1984 Summer,Antigua,0,0,0,0,0.0%,27,27
1984 Summer,Paraguay,0,0,0,0,0.0%,18,18
1984 Summer,"Virgin Islands, US",0,0,0,0,0.0%,52,52
1984 Summer,Madagascar,0,0,0,0,0.0%,5,5
1984 Summer,Cayman Islands,0,0,0,0,0.0%,14,14
1984 Summer,Togo,0,0,0,0,0.0%,6,6
1984 Summer,Sri Lanka,0,0,0,0,0.0%,6,6
1984 Summer,San Marino,0,0,0,0,0.0%,31,31
1984 Summer,Seychelles,0,0,0,0,0.0%,15,15
1984 Summer,Equatorial Guinea,0,0,0,0,0.0%,5,5
1984 Summer,Papua New Guinea,0,0,0,0,0.0%,12,12
1984 Summer,Liechtenstein,0,0,0,0,0.0%,8,8
1984 Summer,Bermuda,0,0,0,0,0.0%,13,13
1984 Summer,Rwanda,0,0,0,0,0.0%,6,6
1984 Summer,El Salvador,0,0,0,0,0.0%,15,15
1984 Summer,Ireland,0,1,0,1,1.8%,55,54
1984 Summer,Gambia,0,0,0,0,0.0%,16,16
1984 Summer,Nicaragua,0,0,0,0,0.0%,5,5
1984 Summer,Taiwan,0,0,1,1,1.9%,52,51
1984 Summer,Djibouti,0,0,0,0,0.0%,3,3
1984 Summer,Belize,0,0,0,0,0.0%,13,13
1984 Summer,Hong Kong,0,0,0,0,0.0%,87,87
1984 Summer,Bhutan,0,0,0,0,0.0%,6,6
1984 Summer,Zambia,0,0,1,1,5.6%,18,17
1984 Summer,Zimbabwe,0,0,0,0,0.0%,20,20
1984 Summer,Mozambique,0,0,0,0,0.0%,14,14
1984 Summer,Bahamas,0,0,0,0,0.0%,31,31
1984 Summer,Suriname,0,0,0,0,0.0%,7,7
1984 Summer,Liberia,0,0,0,0,0.0%,10,10
1984 Summer,Bangladesh,0,0,0,0,0.0%,2,2
1984 Summer,Guinea,0,0,0,0,0.0%,1,1
1984 Summer,Mauritania,0,0,0,0,0.0%,2,2
1984 Summer,Mali,0,0,0,0,0.0%,5,5
1984 Summer,Chad,0,0,0,0,0.0%,3,3
1984 Summer,Swaziland,0,0,0,0,0.0%,11,11
1984 Summer,Uruguay,0,0,0,0,0.0%,23,23
1984 Summer,Haiti,0,0,0,0,0.0%,3,3
1984 Summer,Andorra,0,0,0,0,0.0%,2,2
1984 Summer,Nepal,0,0,0,0,0.0%,10,10
1984 Summer,Tonga,0,0,0,0,0.0%,7,7
1984 Summer,Myanmar,0,0,0,0,0.0%,1,1
1984 Summer,Gabon,0,0,0,0,0.0%,4,4
1984 Summer,Lesotho,0,0,0,0,0.0%,5,5
1980 Winter,Finland,1,5,6,12,14.1%,85,73
1980 Winter,Germany,16,13,18,47,22.9%,205,158
1980 Winter,Argentina,0,0,0,0,0.0%,26,26
1980 Winter,Norway,1,5,9,15,15.0%,100,85
1980 Winter,USA,24,4,2,30,19.4%,155,125
1980 Winter,Sweden,3,0,20,23,21.1%,109,86
1980 Winter,Japan,0,1,0,1,1.3%,80,79
1980 Winter,Russia,18,29,7,54,41.9%,129,75
1980 Winter,Australia,0,0,0,0,0.0%,19,19
1980 Winter,Switzerland,2,4,3,9,12.3%,73,64
1980 Winter,Canada,0,1,1,2,2.3%,86,84
1980 Winter,Bulgaria,0,0,1,1,6.3%,16,15
1980 Winter,Romania,0,0,0,0,0.0%,42,42
1980 Winter,New Zealand,0,0,0,0,0.0%,11,11
1980 Winter,Cyprus,0,0,0,0,0.0%,6,6
1980 Winter,Greece,0,0,0,0,0.0%,6,6
1980 Winter,Boliva,0,0,0,0,0.0%,8,8
1980 Winter,France,0,0,1,1,2.3%,44,43
1980 Winter,Italy,0,3,0,3,4.1%,74,71
1980 Winter,China,0,0,0,0,0.0%,38,38
1980 Winter,UK,1,0,0,1,1.3%,76,75
1980 Winter,Czech Republic,0,0,1,1,1.4%,74,73
1980 Winter,Serbia,0,0,0,0,0.0%,27,27
1980 Winter,Austria,3,2,3,8,12.1%,66,58
1980 Winter,Netherlands,1,2,1,4,8.5%,47,43
1980 Winter,Poland,0,0,0,0,0.0%,39,39
1980 Winter,Mongolia,0,0,0,0,0.0%,10,10
1980 Winter,Spain,0,0,0,0,0.0%,15,15
1980 Winter,Andorra,0,0,0,0,0.0%,9,9
1980 Winter,Liechtenstein,2,2,0,4,23.5%,17,13
1980 Winter,Lebanon,0,0,0,0,0.0%,7,7
1980 Winter,South Korea,0,0,0,0,0.0%,24,24
1980 Winter,Iceland,0,0,0,0,0.0%,12,12
1980 Winter,Costa Rica,0,0,0,0,0.0%,3,3
1980 Winter,Belgium,0,0,0,0,0.0%,6,6
1980 Winter,Hungary,0,2,0,2,100.0%,2,0
1980 Summer,Spain,2,19,3,24,11.4%,211,187
1980 Summer,Russia,187,129,126,442,67.0%,660,218
1980 Summer,Italy,8,21,8,37,18.2%,203,166
1980 Summer,Kuwait,0,0,0,0,0.0%,67,67
1980 Summer,Algeria,0,0,0,0,0.0%,63,63
1980 Summer,Iraq,0,0,0,0,0.0%,44,44
1980 Summer,Syria,0,0,0,0,0.0%,71,71
1980 Summer,Libya,0,0,0,0,0.0%,38,38
1980 Summer,Republic of Congo,0,0,0,0,0.0%,25,25
1980 Summer,Bulgaria,8,44,38,90,22.7%,397,307
1980 Summer,Benin,0,0,0,0,0.0%,17,17
1980 Summer,UK,5,18,24,47,14.3%,328,281
1980 Summer,Poland,3,25,22,50,12.0%,418,368
1980 Summer,Cuba,8,7,5,20,6.9%,288,268
1980 Summer,Portugal,0,0,0,0,0.0%,18,18
1980 Summer,Venezuela,0,1,0,1,2.3%,43,42
1980 Summer,Czech Republic,17,18,16,51,16.1%,317,266
1980 Summer,Trinidad,0,0,0,0,0.0%,15,15
1980 Summer,Sweden,3,8,9,20,10.0%,201,181
1980 Summer,Netherlands,0,1,5,6,5.4%,112,106
1980 Summer,Nigeria,0,0,0,0,0.0%,56,56
1980 Summer,Brazil,4,0,5,9,6.0%,149,140
1980 Summer,Mongolia,0,2,2,4,7.0%,57,53
1980 Summer,Switzerland,2,0,0,2,2.3%,86,84
1980 Summer,Seychelles,0,0,0,0,0.0%,21,21
1980 Summer,France,18,5,6,29,14.5%,200,171
1980 Summer,Malta,0,0,0,0,0.0%,12,12
1980 Summer,Guinea,0,0,0,0,0.0%,10,10
1980 Summer,Costa Rica,0,0,0,0,0.0%,37,37
1980 Summer,Cameroon,0,0,0,0,0.0%,29,29
1980 Summer,India,16,0,0,16,20.5%,78,62
1980 Summer,Finland,3,1,5,9,7.2%,125,116
1980 Summer,Sierra Leone,0,0,0,0,0.0%,32,32
1980 Summer,Uganda,0,1,0,1,6.3%,16,15
1980 Summer,Afghanistan,0,0,0,0,0.0%,11,11
1980 Summer,Lebanon,0,0,1,1,5.3%,19,18
1980 Summer,Belgium,1,0,0,1,1.2%,84,83
1980 Summer,Jamaica,0,0,3,3,9.4%,32,29
1980 Summer,Serbia,13,27,17,57,31.7%,180,123
1980 Summer,Ethiopia,2,0,2,4,8.3%,48,44
1980 Summer,Greece,1,0,4,5,11.1%,45,40
1980 Summer,Romania,7,15,46,68,20.1%,339,271
1980 Summer,Mozambique,0,0,0,0,0.0%,16,16
1980 Summer,Colombia,0,0,0,0,0.0%,28,28
1980 Summer,Nicaragua,0,0,0,0,0.0%,6,6
1980 Summer,Australia,6,2,5,13,6.8%,190,177
1980 Summer,Tanzania,0,2,0,2,4.2%,48,46
1980 Summer,Hungary,8,13,40,61,15.6%,392,331
1980 Summer,Mexico,0,1,9,10,13.5%,74,64
1980 Summer,Germany,115,88,61,264,53.3%,495,231
1980 Summer,Madagascar,0,0,0,0,0.0%,18,18
1980 Summer,Guyana,0,0,1,1,10.0%,10,9
1980 Summer,Cyprus,0,0,0,0,0.0%,15,15
1980 Summer,Ecuador,0,0,0,0,0.0%,16,16
1980 Summer,Austria,1,3,1,5,5.4%,92,87
1980 Summer,Peru,0,0,0,0,0.0%,38,38
1980 Summer,Senegal,0,0,0,0,0.0%,39,39
1980 Summer,Zambia,0,0,0,0,0.0%,43,43
1980 Summer,Denmark,4,2,2,8,13.3%,60,52
1980 Summer,Nepal,0,0,0,0,0.0%,10,10
1980 Summer,Ireland,0,2,1,3,5.3%,57,54
1980 Summer,Iceland,0,0,0,0,0.0%,12,12
1980 Summer,Laos,0,0,0,0,0.0%,19,19
1980 Summer,Luxembourg,0,0,0,0,0.0%,4,4
1980 Summer,Angola,0,0,0,0,0.0%,17,17
1980 Summer,Zimbabwe,15,0,0,15,28.8%,52,37
1980 Summer,San Marino,0,0,0,0,0.0%,16,16
1980 Summer,Dominican Republic,0,0,0,0,0.0%,7,7
1980 Summer,North Korea,0,3,2,5,4.1%,121,116
1980 Summer,Botswana,0,0,0,0,0.0%,8,8
1980 Summer,Vietnam,0,0,0,0,0.0%,38,38
1980 Summer,Guatemala,0,0,0,0,0.0%,10,10
1980 Summer,Sri Lanka,0,0,0,0,0.0%,4,4
1980 Summer,Mali,0,0,0,0,0.0%,7,7
1980 Summer,New Zealand,0,0,0,0,0.0%,7,7
1980 Summer,Andorra,0,0,0,0,0.0%,2,2
1980 Summer,Lesotho,0,0,0,0,0.0%,7,7
1980 Summer,Jordan,0,0,0,0,0.0%,6,6
1980 Summer,Puerto Rico,0,0,0,0,0.0%,3,3
1980 Summer,Myanmar,0,0,0,0,0.0%,2,2
1976 Winter,Japan,0,0,0,0,0.0%,87,87
1976 Winter,Germany,14,13,37,64,31.7%,202,138
1976 Winter,USA,3,3,5,11,7.3%,151,140
1976 Winter,Sweden,0,0,2,2,2.6%,78,76
1976 Winter,UK,1,0,0,1,1.4%,70,69
1976 Winter,Finland,5,10,1,16,20.3%,79,63
1976 Winter,Serbia,0,0,0,0,0.0%,41,41
1976 Winter,Russia,38,7,11,56,46.3%,121,65
1976 Winter,Canada,1,1,1,3,2.8%,109,106
1976 Winter,Italy,1,2,1,4,4.3%,94,90
1976 Winter,Norway,3,6,1,10,12.3%,81,71
1976 Winter,Romania,0,0,0,0,0.0%,43,43
1976 Winter,Andorra,0,0,0,0,0.0%,11,11
1976 Winter,New Zealand,0,0,0,0,0.0%,13,13
1976 Winter,France,0,0,1,1,1.7%,59,58
1976 Winter,Bulgaria,0,0,0,0,0.0%,42,42
1976 Winter,Czech Republic,0,19,0,19,21.1%,90,71
1976 Winter,Turkey,0,0,0,0,0.0%,19,19
1976 Winter,Poland,0,0,0,0,0.0%,93,93
1976 Winter,Austria,2,2,3,7,6.0%,116,109
1976 Winter,Switzerland,1,6,2,9,10.5%,86,77
1976 Winter,San Marino,0,0,0,0,0.0%,3,3
1976 Winter,Netherlands,1,2,3,6,26.1%,23,17
1976 Winter,Liechtenstein,0,0,2,2,10.0%,20,18
1976 Winter,Belgium,0,0,0,0,0.0%,11,11
1976 Winter,Australia,0,0,0,0,0.0%,19,19
1976 Winter,Chile,0,0,0,0,0.0%,11,11
1976 Winter,Taiwan,0,0,0,0,0.0%,11,11
1976 Winter,Argentina,0,0,0,0,0.0%,16,16
1976 Winter,Spain,0,0,0,0,0.0%,11,11
1976 Winter,Iceland,0,0,0,0,0.0%,16,16
1976 Winter,Iran,0,0,0,0,0.0%,12,12
1976 Winter,Greece,0,0,0,0,0.0%,10,10
1976 Winter,South Korea,0,0,0,0,0.0%,9,9
1976 Winter,Lebanon,0,0,0,0,0.0%,1,1
1976 Winter,Hungary,0,0,0,0,0.0%,3,3
1976 Summer,France,5,7,8,20,6.6%,302,282
1976 Summer,Spain,0,6,0,6,3.8%,160,154
1976 Summer,Nicaragua,0,0,0,0,0.0%,25,25
1976 Summer,Kuwait,0,0,0,0,0.0%,21,21
1976 Summer,Canada,0,9,14,23,4.3%,531,508
1976 Summer,Egypt,0,0,0,0,0.0%,26,26
1976 Summer,Tunisia,0,0,0,0,0.0%,16,16
1976 Summer,Iran,0,1,1,2,1.9%,104,102
1976 Summer,Japan,25,6,10,41,12.5%,328,287
1976 Summer,Brazil,0,0,3,3,3.4%,89,86
1976 Summer,Argentina,0,0,0,0,0.0%,106,106
1976 Summer,Bulgaria,8,13,18,39,15.4%,254,215
1976 Summer,Netherlands,0,2,12,14,8.0%,175,161
1976 Summer,UK,6,15,11,32,9.1%,353,321
1976 Summer,Panama,0,0,0,0,0.0%,13,13
1976 Summer,USA,70,58,36,164,29.6%,554,390
1976 Summer,Cuba,6,4,14,24,12.4%,194,170
1976 Summer,Paraguay,0,0,0,0,0.0%,6,6
1976 Summer,Portugal,0,2,0,2,5.6%,36,34
1976 Summer,Russia,114,95,77,286,49.8%,574,288
1976 Summer,New Zealand,15,1,9,25,25.5%,98,73
1976 Summer,Czech Republic,2,4,9,15,6.0%,251,236
1976 Summer,Germany,123,76,74,273,31.8%,859,586
1976 Summer,Poland,18,29,26,73,25.5%,286,213
1976 Summer,Trinidad,1,0,0,1,5.0%,20,19
1976 Summer,Australia,0,15,8,23,8.4%,274,251
1976 Summer,Switzerland,1,3,6,10,9.9%,101,91
1976 Summer,Romania,4,28,23,55,21.6%,255,200
1976 Summer,Greece,0,0,0,0,0.0%,40,40
1976 Summer,Mexico,1,0,1,2,1.5%,137,135
1976 Summer,Malaysia,0,0,0,0,0.0%,25,25
1976 Summer,Finland,4,2,0,6,5.6%,108,102
1976 Summer,Turkey,0,0,0,0,0.0%,28,28
1976 Summer,Saudi Arabia,0,0,0,0,0.0%,19,19
1976 Summer,Belgium,0,3,6,9,6.0%,149,140
1976 Summer,Italy,2,25,4,31,9.9%,312,281
1976 Summer,Sweden,9,1,0,10,6.1%,163,153
1976 Summer,Uruguay,0,0,0,0,0.0%,15,15
1976 Summer,Serbia,2,14,3,19,20.0%,95,76
1976 Summer,Colombia,0,0,0,0,0.0%,44,44
1976 Summer,Iceland,0,0,0,0,0.0%,22,22
1976 Summer,India,0,0,0,0,0.0%,26,26
1976 Summer,Pakistan,0,0,16,16,66.7%,24,8
1976 Summer,Jamaica,1,1,0,2,5.6%,36,34
1976 Summer,Philippines,0,0,0,0,0.0%,22,22
1976 Summer,Costa Rica,0,0,0,0,0.0%,10,10
1976 Summer,Puerto Rico,0,0,1,1,0.9%,112,111
1976 Summer,Hungary,14,6,35,55,19.1%,288,233
1976 Summer,Dominican Republic,0,0,0,0,0.0%,11,11
1976 Summer,Norway,2,4,0,6,7.6%,79,73
1976 Summer,North Korea,1,1,0,2,5.0%,40,38
1976 Summer,South Korea,1,1,15,17,33.3%,51,34
1976 Summer,Denmark,3,0,5,8,9.9%,81,73
1976 Summer,Guatemala,0,0,0,0,0.0%,28,28
1976 Summer,"Virgin Islands, US",0,0,0,0,0.0%,26,26
1976 Summer,Venezuela,0,1,0,1,1.8%,56,55
1976 Summer,Thailand,0,0,1,1,1.6%,62,61
1976 Summer,Austria,0,0,1,1,1.4%,73,72
1976 Summer,Ivory Coast,0,0,0,0,0.0%,11,11
1976 Summer,Senegal,0,0,0,0,0.0%,33,33
1976 Summer,Morocco,0,0,0,0,0.0%,9,9
1976 Summer,Mongolia,0,1,0,1,3.0%,33,32
1976 Summer,Israel,0,0,0,0,0.0%,34,34
1976 Summer,Monaco,0,0,0,0,0.0%,10,10
1976 Summer,Bermuda,0,0,1,1,5.0%,20,19
1976 Summer,Luxembourg,0,0,0,0,0.0%,9,9
1976 Summer,Suriname,0,0,0,0,0.0%,4,4
1976 Summer,Liechtenstein,0,0,0,0,0.0%,9,9
1976 Summer,Ireland,0,0,0,0,0.0%,59,59
1976 Summer,Bahamas,0,0,0,0,0.0%,19,19
1976 Summer,Peru,0,0,0,0,0.0%,14,14
1976 Summer,San Marino,0,0,0,0,0.0%,10,10
1976 Summer,Hong Kong,0,0,0,0,0.0%,50,50
1976 Summer,Haiti,0,0,0,0,0.0%,14,14
1976 Summer,Singapore,0,0,0,0,0.0%,4,4
1976 Summer,Antigua,0,0,0,0,0.0%,17,17
1976 Summer,Barbados,0,0,0,0,0.0%,17,17
1976 Summer,Papua New Guinea,0,0,0,0,0.0%,9,9
1976 Summer,Ecuador,0,0,0,0,0.0%,8,8
1976 Summer,Andorra,0,0,0,0,0.0%,3,3
1976 Summer,Chile,0,0,0,0,0.0%,9,9
1976 Summer,Lebanon,0,0,0,0,0.0%,4,4
1976 Summer,Curacao,0,0,0,0,0.0%,4,4
1976 Summer,Honduras,0,0,0,0,0.0%,3,3
1976 Summer,Boliva,0,0,0,0,0.0%,5,5
1976 Summer,Indonesia,0,0,0,0,0.0%,11,11
1976 Summer,Cayman Islands,0,0,0,0,0.0%,2,2
1976 Summer,Cameroon,0,0,0,0,0.0%,4,4
1976 Summer,Nepal,0,0,0,0,0.0%,1,1
1976 Summer,Fiji,0,0,0,0,0.0%,5,5
1976 Summer,Belize,0,0,0,0,0.0%,4,4
1972 Winter,Japan,1,1,1,3,2.2%,134,131
1972 Winter,Sweden,1,1,2,4,4.0%,101,97
1972 Winter,Switzerland,7,3,7,17,21.5%,79,62
1972 Winter,USA,3,18,3,24,16.3%,147,123
1972 Winter,Greece,0,0,0,0,0.0%,6,6
1972 Winter,Canada,0,1,0,1,1.2%,85,84
1972 Winter,Hungary,0,0,0,0,0.0%,1,1
1972 Winter,Austria,1,2,2,5,7.4%,68,63
1972 Winter,Norway,2,8,7,17,14.9%,114,97
1972 Winter,Germany,9,5,16,30,15.7%,191,161
1972 Winter,Italy,3,5,1,9,13.0%,69,60
1972 Winter,France,0,1,2,3,4.3%,69,66
1972 Winter,Russia,36,6,3,45,38.1%,118,73
1972 Winter,Netherlands,4,3,2,9,34.6%,26,17
1972 Winter,Poland,1,0,0,1,1.5%,66,65
1972 Winter,Iran,0,0,0,0,0.0%,12,12
1972 Winter,UK,0,0,0,0,0.0%,71,71
1972 Winter,Czech Republic,1,0,19,20,32.8%,61,41
1972 Winter,Serbia,0,0,0,0,0.0%,31,31
1972 Winter,Belgium,0,0,0,0,0.0%,3,3
1972 Winter,Romania,0,0,0,0,0.0%,23,23
1972 Winter,Liechtenstein,0,0,0,0,0.0%,10,10
1972 Winter,South Korea,0,0,0,0,0.0%,11,11
1972 Winter,Taiwan,0,0,0,0,0.0%,9,9
1972 Winter,North Korea,0,0,0,0,0.0%,10,10
1972 Winter,Philippines,0,0,0,0,0.0%,4,4
1972 Winter,Australia,0,0,0,0,0.0%,12,12
1972 Winter,Mongolia,0,0,0,0,0.0%,8,8
1972 Winter,New Zealand,0,0,0,0,0.0%,6,6
1972 Winter,Spain,1,0,0,1,14.3%,7,6
1972 Winter,Finland,0,9,1,10,12.0%,83,73
1972 Winter,Lebanon,0,0,0,0,0.0%,2,2
1972 Winter,Argentina,0,0,0,0,0.0%,6,6
1972 Winter,Bulgaria,0,0,0,0,0.0%,12,12
1972 Summer,Norway,2,2,4,8,5.0%,161,153
1972 Summer,Sudan,0,0,0,0,0.0%,31,31
1972 Summer,Nigeria,0,0,1,1,2.8%,36,35
1972 Summer,Chad,0,0,0,0,0.0%,5,5
1972 Summer,Tanzania,0,0,0,0,0.0%,22,22
1972 Summer,Kuwait,0,0,0,0,0.0%,4,4
1972 Summer,Egypt,0,0,0,0,0.0%,26,26
1972 Summer,Ethiopia,0,0,2,2,5.0%,40,38
1972 Summer,Russia,107,47,60,214,40.3%,531,317
1972 Summer,Japan,29,19,8,56,19.1%,293,237
1972 Summer,Brazil,0,0,2,2,1.9%,104,102
1972 Summer,Germany,74,83,96,253,24.3%,1041,788
1972 Summer,Argentina,0,1,0,1,0.8%,123,122
1972 Summer,Italy,9,3,13,25,7.2%,345,320
1972 Summer,Somalia,0,0,0,0,0.0%,4,4
1972 Summer,Lebanon,0,1,0,1,2.8%,36,35
1972 Summer,USA,69,59,43,171,29.6%,578,407
1972 Summer,France,2,5,15,22,6.2%,356,334
1972 Summer,Colombia,0,1,2,3,4.0%,75,72
1972 Summer,Peru,0,0,0,0,0.0%,31,31
1972 Summer,UK,8,9,12,29,6.7%,433,404
1972 Summer,Cuba,3,1,18,22,10.9%,201,179
1972 Summer,Ghana,0,0,1,1,2.4%,41,40
1972 Summer,Uruguay,0,0,0,0,0.0%,20,20
1972 Summer,Poland,27,8,11,46,11.0%,418,372
1972 Summer,Iran,0,2,1,3,5.4%,56,53
1972 Summer,Canada,0,2,9,11,3.2%,344,333
1972 Summer,Cameroon,0,0,0,0,0.0%,18,18
1972 Summer,Uganda,1,1,0,2,5.7%,35,33
1972 Summer,Hungary,10,46,25,81,22.1%,367,286
1972 Summer,Philippines,0,0,0,0,0.0%,79,79
1972 Summer,Togo,0,0,0,0,0.0%,7,7
1972 Summer,Curacao,0,0,0,0,0.0%,2,2
1972 Summer,Austria,0,1,2,3,2.1%,143,140
1972 Summer,Switzerland,0,8,0,8,3.0%,265,257
1972 Summer,Benin,0,0,0,0,0.0%,3,3
1972 Summer,Romania,3,10,27,40,15.5%,258,218
1972 Summer,Mexico,0,1,0,1,0.4%,281,280
1972 Summer,Denmark,1,0,0,1,0.6%,155,154
1972 Summer,Netherlands,3,1,2,6,3.0%,199,193
1972 Summer,Pakistan,0,15,0,15,57.7%,26,11
1972 Summer,Finland,3,1,6,10,7.5%,133,123
1972 Summer,Turkey,0,1,0,1,2.0%,50,49
1972 Summer,Australia,11,7,2,20,7.5%,266,246
1972 Summer,Morocco,0,0,0,0,0.0%,39,39
1972 Summer,Saudi Arabia,0,0,0,0,0.0%,14,14
1972 Summer,Sweden,4,10,8,22,11.8%,186,164
1972 Summer,Portugal,0,0,0,0,0.0%,41,41
1972 Summer,Serbia,15,1,2,18,8.5%,212,194
1972 Summer,Puerto Rico,0,0,0,0,0.0%,60,60
1972 Summer,Czech Republic,2,21,6,29,10.6%,274,245
1972 Summer,Algeria,0,0,0,0,0.0%,7,7
1972 Summer,Indonesia,0,0,0,0,0.0%,7,7
1972 Summer,Jamaica,0,0,1,1,2.0%,51,50
1972 Summer,Israel,0,0,0,0,0.0%,17,17
1972 Summer,Spain,0,0,1,1,0.6%,162,161
1972 Summer,"Virgin Islands, US",0,0,0,0,0.0%,16,16
1972 Summer,El Salvador,0,0,0,0,0.0%,18,18
1972 Summer,Malaysia,0,0,0,0,0.0%,57,57
1972 Summer,Bermuda,0,0,0,0,0.0%,9,9
1972 Summer,Kenya,5,3,4,12,17.4%,69,57
1972 Summer,Bulgaria,6,10,6,22,9.7%,226,204
1972 Summer,South Korea,0,1,0,1,2.3%,43,42
1972 Summer,Senegal,0,0,0,0,0.0%,40,40
1972 Summer,Madagascar,0,0,0,0,0.0%,13,13
1972 Summer,Luxembourg,0,0,0,0,0.0%,15,15
1972 Summer,New Zealand,9,4,1,14,12.5%,112,98
1972 Summer,Thailand,0,0,0,0,0.0%,37,37
1972 Summer,Trinidad,0,0,0,0,0.0%,36,36
1972 Summer,Afghanistan,0,0,0,0,0.0%,8,8
1972 Summer,Boliva,0,0,0,0,0.0%,14,14
1972 Summer,Panama,0,0,0,0,0.0%,8,8
1972 Summer,Guyana,0,0,0,0,0.0%,4,4
1972 Summer,Greece,0,2,0,2,3.0%,66,64
1972 Summer,Iceland,0,0,0,0,0.0%,30,30
1972 Summer,Myanmar,0,0,0,0,0.0%,19,19
1972 Summer,Ivory Coast,0,0,0,0,0.0%,13,13
1972 Summer,India,0,0,14,14,32.6%,43,29
1972 Summer,Belgium,0,2,0,2,1.9%,106,104
1972 Summer,Mongolia,0,1,0,1,2.3%,44,43
1972 Summer,Ireland,0,0,0,0,0.0%,84,84
1972 Summer,Liechtenstein,0,0,0,0,0.0%,12,12
1972 Summer,Venezuela,0,0,0,0,0.0%,33,33
1972 Summer,Chile,0,0,0,0,0.0%,13,13
1972 Summer,Monaco,0,0,0,0,0.0%,5,5
1972 Summer,Bahamas,0,0,0,0,0.0%,25,25
1972 Summer,Republic of Congo,0,0,0,0,0.0%,8,8
1972 Summer,Barbados,0,0,0,0,0.0%,20,20
1972 Summer,Tunisia,0,1,0,1,2.7%,37,36
1972 Summer,Dominican Republic,0,0,0,0,0.0%,5,5
1972 Summer,Malta,0,0,0,0,0.0%,5,5
1972 Summer,Burkina Faso,0,0,0,0,0.0%,1,1
1972 Summer,Suriname,0,0,0,0,0.0%,3,3
1972 Summer,Guatemala,0,0,0,0,0.0%,11,11
1972 Summer,Mali,0,0,0,0,0.0%,3,3
1972 Summer,Nicaragua,0,0,0,0,0.0%,10,10
1972 Summer,San Marino,0,0,0,0,0.0%,7,7
1972 Summer,Costa Rica,0,0,0,0,0.0%,4,4
1972 Summer,Hong Kong,0,0,0,0,0.0%,18,18
1972 Summer,Singapore,0,0,0,0,0.0%,12,12
1972 Summer,Taiwan,0,0,0,0,0.0%,44,44
1972 Summer,Haiti,0,0,0,0,0.0%,7,7
1972 Summer,Cambodia,0,0,0,0,0.0%,17,17
1972 Summer,Zambia,0,0,0,0,0.0%,12,12
1972 Summer,Malawi,0,0,0,0,0.0%,18,18
1972 Summer,Niger,0,0,1,1,25.0%,4,3
1972 Summer,Ecuador,0,0,0,0,0.0%,4,4
1972 Summer,Syria,0,0,0,0,0.0%,5,5
1972 Summer,Paraguay,0,0,0,0,0.0%,3,3
1972 Summer,Sri Lanka,0,0,0,0,0.0%,6,6
1972 Summer,North Korea,1,1,13,15,18.1%,83,68
1972 Summer,Vietnam,0,0,0,0,0.0%,2,2
1972 Summer,Liberia,0,0,0,0,0.0%,5,5
1972 Summer,Nepal,0,0,0,0,0.0%,2,2
1972 Summer,Albania,0,0,0,0,0.0%,5,5
1972 Summer,Swaziland,0,0,0,0,0.0%,4,4
1972 Summer,Gabon,0,0,0,0,0.0%,1,1
1972 Summer,Lesotho,0,0,0,0,0.0%,2,2
1972 Summer,Belize,0,0,0,0,0.0%,2,2
1972 Summer,Fiji,0,0,0,0,0.0%,4,4
1968 Winter,Italy,8,0,0,8,10.1%,79,71
1968 Winter,Russia,26,6,5,37,30.6%,121,84
1968 Winter,Spain,0,0,0,0,0.0%,28,28
1968 Winter,Japan,0,0,0,0,0.0%,95,95
1968 Winter,Turkey,0,0,0,0,0.0%,20,20
1968 Winter,USA,1,5,1,7,5.2%,135,128
1968 Winter,Hungary,0,0,0,0,0.0%,21,21
1968 Winter,Austria,3,8,4,15,13.4%,112,97
1968 Winter,Norway,11,9,2,22,20.6%,107,85
1968 Winter,Sweden,3,7,6,16,14.3%,112,96
1968 Winter,Greece,0,0,0,0,0.0%,8,8
1968 Winter,UK,0,0,0,0,0.0%,64,64
1968 Winter,Bulgaria,0,0,0,0,0.0%,16,16
1968 Winter,Serbia,0,0,0,0,0.0%,46,46
1968 Winter,Morocco,0,0,0,0,0.0%,8,8
1968 Winter,France,4,3,2,9,7.6%,118,109
1968 Winter,Canada,1,1,18,20,18.0%,111,91
1968 Winter,Germany,4,5,7,16,7.2%,222,206
1968 Winter,Netherlands,3,3,3,9,34.6%,26,17
1968 Winter,Poland,0,0,0,0,0.0%,52,52
1968 Winter,Iran,0,0,0,0,0.0%,12,12
1968 Winter,Romania,0,0,2,2,4.9%,41,39
1968 Winter,Lebanon,0,0,0,0,0.0%,6,6
1968 Winter,Czech Republic,1,19,1,21,29.6%,71,50
1968 Winter,Mongolia,0,0,0,0,0.0%,10,10
1968 Winter,Liechtenstein,0,0,0,0,0.0%,17,17
1968 Winter,Iceland,0,0,0,0,0.0%,8,8
1968 Winter,New Zealand,0,0,0,0,0.0%,15,15
1968 Winter,Switzerland,0,2,7,9,14.5%,62,53
1968 Winter,Chile,0,0,0,0,0.0%,11,11
1968 Winter,India,0,0,0,0,0.0%,3,3
1968 Winter,Denmark,0,0,0,0,0.0%,6,6
1968 Winter,Australia,0,0,0,0,0.0%,7,7
1968 Winter,Finland,1,2,5,8,8.4%,95,87
1968 Winter,South Korea,0,0,0,0,0.0%,14,14
1968 Winter,Argentina,0,0,0,0,0.0%,12,12
1968 Summer,Norway,4,2,0,6,7.0%,86,80
1968 Summer,Cameroon,0,1,0,1,20.0%,5,4
1968 Summer,Mexico,3,3,3,9,2.0%,446,437
1968 Summer,Sudan,0,0,0,0,0.0%,7,7
1968 Summer,Malaysia,0,0,0,0,0.0%,35,35
1968 Summer,Nigeria,0,0,0,0,0.0%,46,46
1968 Summer,Philippines,0,0,0,0,0.0%,89,89
1968 Summer,Japan,16,25,22,63,21.8%,289,226
1968 Summer,Argentina,0,0,2,2,1.5%,132,130
1968 Summer,Lebanon,0,0,0,0,0.0%,15,15
1968 Summer,Egypt,0,0,0,0,0.0%,35,35
1968 Summer,France,12,5,10,27,8.7%,311,284
1968 Summer,Portugal,0,0,0,0,0.0%,33,33
1968 Summer,Peru,0,0,0,0,0.0%,33,33
1968 Summer,Turkey,2,0,0,2,6.7%,30,28
1968 Summer,El Salvador,0,0,0,0,0.0%,104,104
1968 Summer,UK,9,5,5,19,5.8%,328,309
1968 Summer,Netherlands,6,7,1,14,10.0%,140,126
1968 Summer,Ghana,0,0,0,0,0.0%,36,36
1968 Summer,Bulgaria,2,21,3,26,13.8%,189,163
1968 Summer,Germany,30,36,37,103,13.2%,778,675
1968 Summer,Puerto Rico,0,0,0,0,0.0%,99,99
1968 Summer,Russia,65,63,64,192,40.8%,471,279
1968 Summer,Panama,0,0,0,0,0.0%,16,16
1968 Summer,Costa Rica,0,0,0,0,0.0%,27,27
1968 Summer,Morocco,0,0,0,0,0.0%,25,25
1968 Summer,Uruguay,0,0,0,0,0.0%,50,50
1968 Summer,Pakistan,13,0,0,13,86.7%,15,2
1968 Summer,Finland,1,2,1,4,3.2%,126,122
1968 Summer,Austria,0,2,3,5,8.5%,59,54
1968 Summer,Sweden,4,4,1,9,4.8%,186,177
1968 Summer,Iraq,0,0,0,0,0.0%,4,4
1968 Summer,Spain,0,0,0,0,0.0%,137,137
1968 Summer,Italy,5,8,20,33,12.3%,268,235
1968 Summer,Bahamas,0,0,0,0,0.0%,22,22
1968 Summer,Guatemala,0,0,0,0,0.0%,67,67
1968 Summer,Cuba,0,10,0,10,4.4%,227,217
1968 Summer,Ethiopia,1,1,0,2,7.7%,26,24
1968 Summer,Brazil,0,1,3,4,4.5%,89,85
1968 Summer,Czech Republic,7,7,15,29,14.3%,203,174
1968 Summer,Romania,5,9,9,23,23.0%,100,77
1968 Summer,Greece,0,0,1,1,2.3%,44,43
1968 Summer,Hungary,32,20,29,81,26.7%,303,222
1968 Summer,USA,99,32,35,166,31.4%,529,363
1968 Summer,Switzerland,0,3,10,13,8.4%,155,142
1968 Summer,Poland,5,2,30,37,12.5%,296,259
1968 Summer,Guyana,0,0,0,0,0.0%,6,6
1968 Summer,South Korea,0,1,1,2,3.0%,66,64
1968 Summer,Ecuador,0,0,0,0,0.0%,41,41
1968 Summer,Denmark,5,6,6,17,18.3%,93,76
1968 Summer,Belize,0,0,0,0,0.0%,7,7
1968 Summer,Australia,5,35,11,51,22.8%,224,173
1968 Summer,Canada,3,3,4,10,3.4%,291,281
1968 Summer,Serbia,13,14,2,29,22.3%,130,101
1968 Summer,Curacao,0,0,0,0,0.0%,5,5
1968 Summer,New Zealand,5,0,2,7,10.8%,65,58
1968 Summer,Iran,2,1,2,5,35.7%,14,9
1968 Summer,Colombia,0,0,0,0,0.0%,70,70
1968 Summer,Trinidad,0,0,0,0,0.0%,25,25
1968 Summer,Nicaragua,0,0,0,0,0.0%,16,16
1968 Summer,Kenya,3,7,2,12,24.0%,50,38
1968 Summer,Boliva,0,0,0,0,0.0%,4,4
1968 Summer,Thailand,0,0,0,0,0.0%,46,46
1968 Summer,Chile,0,0,0,0,0.0%,25,25
1968 Summer,Tunisia,1,0,1,2,25.0%,8,6
1968 Summer,Afghanistan,0,0,0,0,0.0%,5,5
1968 Summer,Belgium,0,1,2,3,2.8%,106,103
1968 Summer,Mali,0,0,0,0,0.0%,2,2
1968 Summer,Syria,0,0,0,0,0.0%,2,2
1968 Summer,Ireland,0,0,0,0,0.0%,57,57
1968 Summer,Guinea,0,0,0,0,0.0%,15,15
1968 Summer,Israel,0,0,0,0,0.0%,39,39
1968 Summer,Honduras,0,0,0,0,0.0%,6,6
1968 Summer,Democratic Republic of the Congo,0,0,0,0,0.0%,8,8
1968 Summer,Monaco,0,0,0,0,0.0%,2,2
1968 Summer,Mongolia,0,1,3,4,10.5%,38,34
1968 Summer,Bermuda,0,0,0,0,0.0%,6,6
1968 Summer,Liechtenstein,0,0,0,0,0.0%,3,3
1968 Summer,"Virgin Islands, US",0,0,0,0,0.0%,6,6
1968 Summer,Venezuela,1,0,0,1,3.3%,30,29
1968 Summer,Jamaica,0,1,0,1,2.9%,35,34
1968 Summer,Vietnam,0,0,0,0,0.0%,9,9
1968 Summer,Barbados,0,0,0,0,0.0%,13,13
1968 Summer,Senegal,0,0,0,0,0.0%,24,24
1968 Summer,Dominican Republic,0,0,0,0,0.0%,24,24
1968 Summer,Taiwan,0,0,1,1,1.1%,93,92
1968 Summer,India,0,0,16,16,59.3%,27,11
1968 Summer,Tanzania,0,0,0,0,0.0%,5,5
1968 Summer,Singapore,0,0,0,0,0.0%,6,6
1968 Summer,Sierra Leone,0,0,0,0,0.0%,4,4
1968 Summer,Hong Kong,0,0,0,0,0.0%,25,25
1968 Summer,Paraguay,0,0,0,0,0.0%,1,1
1968 Summer,Niger,0,0,0,0,0.0%,2,2
1968 Summer,Kuwait,0,0,0,0,0.0%,2,2
1968 Summer,Indonesia,0,0,0,0,0.0%,6,6
1968 Summer,Ivory Coast,0,0,0,0,0.0%,11,11
1968 Summer,Uganda,0,1,1,2,14.3%,14,12
1968 Summer,Luxembourg,0,0,0,0,0.0%,7,7
1968 Summer,San Marino,0,0,0,0,0.0%,4,4
1968 Summer,Iceland,0,0,0,0,0.0%,16,16
1968 Summer,Malta,0,0,0,0,0.0%,1,1
1968 Summer,Myanmar,0,0,0,0,0.0%,4,4
1968 Summer,Chad,0,0,0,0,0.0%,4,4
1968 Summer,Zambia,0,0,0,0,0.0%,7,7
1968 Summer,Sri Lanka,0,0,0,0,0.0%,3,3
1968 Summer,Libya,0,0,0,0,0.0%,1,1
1968 Summer,Algeria,0,0,0,0,0.0%,9,9
1968 Summer,Fiji,0,0,0,0,0.0%,1,1
1968 Summer,Central African Republic,0,0,0,0,0.0%,1,1
1968 Summer,Suriname,0,0,0,0,0.0%,1,1
1968 Summer,Madagascar,0,0,0,0,0.0%,6,6
1964 Winter,Norway,3,6,6,15,16.7%,90,75
1964 Winter,Italy,0,2,8,10,10.8%,93,83
1964 Winter,Russia,30,8,9,47,43.9%,107,60
1964 Winter,Sweden,6,21,1,28,27.2%,103,75
1964 Winter,Switzerland,0,0,0,0,0.0%,104,104
1964 Winter,Iran,0,0,0,0,0.0%,12,12
1964 Winter,Argentina,0,0,0,0,0.0%,22,22
1964 Winter,USA,1,2,5,8,6.3%,127,119
1964 Winter,Canada,4,2,1,7,7.4%,95,88
1964 Winter,Hungary,0,0,0,0,0.0%,42,42
1964 Winter,Germany,3,4,3,10,6.9%,144,134
1964 Winter,North Korea,0,1,0,1,5.0%,20,19
1964 Winter,Romania,0,0,0,0,0.0%,31,31
1964 Winter,UK,2,0,0,2,3.1%,65,63
1964 Winter,Bulgaria,0,0,0,0,0.0%,19,19
1964 Winter,Serbia,0,0,0,0,0.0%,54,54
1964 Winter,France,3,4,0,7,14.0%,50,43
1964 Winter,Austria,5,9,3,17,14.7%,116,99
1964 Winter,Japan,0,0,0,0,0.0%,85,85
1964 Winter,Mongolia,0,0,0,0,0.0%,22,22
1964 Winter,Czech Republic,0,0,17,17,24.6%,69,52
1964 Winter,Iceland,0,0,0,0,0.0%,10,10
1964 Winter,Finland,3,7,5,15,17.2%,87,72
1964 Winter,Lebanon,0,0,0,0,0.0%,12,12
1964 Winter,Poland,0,0,0,0,0.0%,86,86
1964 Winter,Chile,0,0,0,0,0.0%,11,11
1964 Winter,Belgium,0,0,0,0,0.0%,11,11
1964 Winter,Australia,0,0,0,0,0.0%,14,14
1964 Winter,India,0,0,0,0,0.0%,1,1
1964 Winter,Denmark,0,0,0,0,0.0%,5,5
1964 Winter,South Korea,0,0,0,0,0.0%,16,16
1964 Winter,Netherlands,1,1,0,2,16.7%,12,10
1964 Winter,Turkey,0,0,0,0,0.0%,12,12
1964 Winter,Spain,0,0,0,0,0.0%,12,12
1964 Winter,Liechtenstein,0,0,0,0,0.0%,12,12
1964 Winter,Greece,0,0,0,0,0.0%,7,7
1964 Summer,Russia,60,63,51,174,37.6%,463,289
1964 Summer,Iraq,0,0,0,0,0.0%,19,19
1964 Summer,Egypt,0,0,0,0,0.0%,83,83
1964 Summer,Tanzania,0,0,0,0,0.0%,4,4
1964 Summer,Pakistan,0,16,0,16,34.0%,47,31
1964 Summer,Sweden,3,4,8,15,8.6%,175,160
1964 Summer,Peru,0,0,0,0,0.0%,40,40
1964 Summer,Japan,32,5,25,62,13.6%,456,394
1964 Summer,Ghana,0,0,1,1,2.5%,40,39
1964 Summer,Ivory Coast,0,0,0,0,0.0%,10,10
1964 Summer,Argentina,0,1,0,1,0.7%,148,147
1964 Summer,Bulgaria,3,5,2,10,8.6%,116,106
1964 Summer,UK,4,19,5,28,9.3%,301,273
1964 Summer,Brazil,0,0,12,12,18.5%,65,53
1964 Summer,Germany,22,44,50,116,24.3%,478,362
1964 Summer,Morocco,0,0,0,0,0.0%,21,21
1964 Summer,Puerto Rico,0,0,0,0,0.0%,45,45
1964 Summer,Kenya,0,0,1,1,2.4%,41,40
1964 Summer,Iran,0,0,2,2,2.1%,96,94
1964 Summer,Italy,14,28,9,51,19.9%,256,205
1964 Summer,Hungary,42,7,7,56,17.6%,319,263
1964 Summer,Spain,0,0,0,0,0.0%,67,67
1964 Summer,Mexico,0,0,1,1,0.8%,128,127
1964 Summer,Australia,8,6,30,44,11.2%,392,348
1964 Summer,Nigeria,0,0,1,1,5.3%,19,18
1964 Summer,Norway,0,0,0,0,0.0%,43,43
1964 Summer,Austria,0,0,0,0,0.0%,82,82
1964 Summer,France,1,13,17,31,14.5%,214,183
1964 Summer,Turkey,2,3,1,6,24.0%,25,19
1964 Summer,India,15,0,0,15,13.5%,111,96
1964 Summer,Malaysia,0,0,0,0,0.0%,81,81
1964 Summer,Finland,3,0,2,5,3.3%,151,146
1964 Summer,Switzerland,1,4,1,6,4.7%,129,123
1964 Summer,Portugal,0,0,0,0,0.0%,25,25
1964 Summer,Canada,2,2,1,5,2.6%,194,189
1964 Summer,Ethiopia,1,0,0,1,5.3%,19,18
1964 Summer,Philippines,0,1,0,1,1.4%,70,69
1964 Summer,USA,95,37,37,169,34.3%,492,323
1964 Summer,Belgium,2,0,1,3,4.1%,74,71
1964 Summer,Uruguay,0,0,1,1,3.4%,29,28
1964 Summer,Netherlands,5,10,16,31,19.6%,158,127
1964 Summer,Uganda,0,0,0,0,0.0%,19,19
1964 Summer,South Korea,0,2,1,3,1.3%,240,237
1964 Summer,Cambodia,0,0,0,0,0.0%,15,15
1964 Summer,Denmark,7,1,4,12,16.9%,71,59
1964 Summer,Ireland,0,0,1,1,2.9%,35,34
1964 Summer,Romania,2,4,10,16,6.9%,232,216
1964 Summer,Czech Republic,5,37,12,54,28.9%,187,133
1964 Summer,Poland,10,13,23,46,19.2%,240,194
1964 Summer,Luxembourg,0,0,0,0,0.0%,27,27
1964 Summer,New Zealand,4,0,2,6,6.8%,88,82
1964 Summer,Afghanistan,0,0,0,0,0.0%,8,8
1964 Summer,Lebanon,0,0,0,0,0.0%,8,8
1964 Summer,Colombia,0,0,0,0,0.0%,40,40
1964 Summer,Thailand,0,0,0,0,0.0%,67,67
1964 Summer,Israel,0,0,0,0,0.0%,13,13
1964 Summer,Tunisia,0,1,1,2,16.7%,12,10
1964 Summer,Zambia,0,0,0,0,0.0%,15,15
1964 Summer,Trinidad,0,1,5,6,33.3%,18,12
1964 Summer,Serbia,2,11,2,15,12.2%,123,108
1964 Summer,Mongolia,0,0,0,0,0.0%,40,40
1964 Summer,Zimbabwe,0,0,0,0,0.0%,33,33
1964 Summer,Costa Rica,0,0,0,0,0.0%,2,2
1964 Summer,Monaco,0,0,0,0,0.0%,1,1
1964 Summer,Myanmar,0,0,0,0,0.0%,12,12
1964 Summer,Cuba,0,1,0,1,1.3%,76,75
1964 Summer,Curacao,0,0,0,0,0.0%,4,4
1964 Summer,Venezuela,0,0,0,0,0.0%,23,23
1964 Summer,Jamaica,0,0,0,0,0.0%,32,32
1964 Summer,Liechtenstein,0,0,0,0,0.0%,3,3
1964 Summer,Sri Lanka,0,0,0,0,0.0%,7,7
1964 Summer,Mali,0,0,0,0,0.0%,2,2
1964 Summer,Panama,0,0,0,0,0.0%,15,15
1964 Summer,Hong Kong,0,0,0,0,0.0%,50,50
1964 Summer,Taiwan,0,0,0,0,0.0%,96,96
1964 Summer,Bahamas,2,0,0,2,16.7%,12,10
1964 Summer,Bermuda,0,0,0,0,0.0%,4,4
1964 Summer,Niger,0,0,0,0,0.0%,1,1
1964 Summer,Senegal,0,0,0,0,0.0%,14,14
1964 Summer,Guyana,0,0,0,0,0.0%,1,1
1964 Summer,Republic of Congo,0,0,0,0,0.0%,2,2
1964 Summer,Greece,0,0,0,0,0.0%,19,19
1964 Summer,Chile,0,0,0,0,0.0%,16,16
1964 Summer,Iceland,0,0,0,0,0.0%,5,5
1964 Summer,Nepal,0,0,0,0,0.0%,6,6
1964 Summer,Vietnam,0,0,0,0,0.0%,23,23
1964 Summer,Chad,0,0,0,0,0.0%,2,2
1964 Summer,Boliva,0,0,0,0,0.0%,1,1
1964 Summer,Liberia,0,0,0,0,0.0%,2,2
1964 Summer,Algeria,0,0,0,0,0.0%,7,7
1964 Summer,Cameroon,0,0,0,0,0.0%,2,2
1964 Summer,Madagascar,0,0,0,0,0.0%,4,4
1964 Summer,Dominican Republic,0,0,0,0,0.0%,1,1
1960 Winter,Norway,3,6,0,9,16.4%,55,46
1960 Winter,Australia,0,0,0,0,0.0%,38,38
1960 Winter,Sweden,5,2,2,9,12.5%,72,63
1960 Winter,Japan,0,0,0,0,0.0%,73,73
1960 Winter,USA,19,4,4,27,25.7%,105,78
1960 Winter,Finland,5,3,5,13,17.6%,74,61
1960 Winter,Italy,0,0,1,1,1.7%,58,57
1960 Winter,Russia,7,7,28,42,46.2%,91,49
1960 Winter,Germany,4,4,1,9,8.2%,110,101
1960 Winter,Argentina,0,0,0,0,0.0%,14,14
1960 Winter,Canada,3,17,1,21,28.0%,75,54
1960 Winter,France,1,0,2,3,5.5%,55,52
1960 Winter,Switzerland,2,0,0,2,5.0%,40,38
1960 Winter,Spain,0,0,0,0,0.0%,12,12
1960 Winter,Hungary,0,0,0,0,0.0%,4,4
1960 Winter,Iceland,0,0,0,0,0.0%,10,10
1960 Winter,Austria,1,2,3,6,14.3%,42,36
1960 Winter,Poland,0,1,1,2,7.1%,28,26
1960 Winter,Chile,0,0,0,0,0.0%,12,12
1960 Winter,Netherlands,0,1,1,2,15.4%,13,11
1960 Winter,Czech Republic,0,1,0,1,4.5%,22,21
1960 Winter,New Zealand,0,0,0,0,0.0%,12,12
1960 Winter,South Korea,0,0,0,0,0.0%,20,20
1960 Winter,UK,0,0,0,0,0.0%,39,39
1960 Winter,Turkey,0,0,0,0,0.0%,6,6
1960 Winter,Bulgaria,0,0,0,0,0.0%,15,15
1960 Winter,South Africa,0,0,0,0,0.0%,4,4
1960 Winter,Liechtenstein,0,0,0,0,0.0%,9,9
1960 Winter,Lebanon,0,0,0,0,0.0%,5,5
1960 Winter,Denmark,0,0,0,0,0.0%,3,3
1960 Summer,Norway,2,0,0,2,4.0%,50,48
1960 Summer,Bulgaria,1,3,3,7,3.8%,183,176
1960 Summer,Syria,0,1,1,2,1.6%,123,121
1960 Summer,Sudan,0,0,0,0,0.0%,13,13
1960 Summer,Iraq,0,0,1,1,3.6%,28,27
1960 Summer,Pakistan,13,0,1,14,26.4%,53,39
1960 Summer,Japan,9,10,12,31,11.2%,278,247
1960 Summer,Israel,0,0,0,0,0.0%,46,46
1960 Summer,Sweden,2,2,3,7,2.7%,258,251
1960 Summer,Russia,61,63,45,169,40.8%,414,245
1960 Summer,New Zealand,2,0,1,3,6.4%,47,44
1960 Summer,Chile,0,0,0,0,0.0%,9,9
1960 Summer,Philippines,0,0,0,0,0.0%,49,49
1960 Summer,Belgium,0,2,2,4,2.7%,150,146
1960 Summer,Argentina,0,3,1,4,3.4%,116,112
1960 Summer,Mexico,0,0,1,1,0.9%,110,109
1960 Summer,Canada,0,9,0,9,6.4%,140,131
1960 Summer,Poland,4,11,15,30,9.8%,307,277
1960 Summer,France,0,6,6,12,3.3%,363,351
1960 Summer,UK,2,11,15,28,7.2%,389,361
1960 Summer,Ghana,0,1,0,1,6.7%,15,14
1960 Summer,Germany,34,33,22,89,20.9%,425,336
1960 Summer,Ethiopia,1,0,0,1,6.7%,15,14
1960 Summer,Morocco,0,1,0,1,0.9%,111,110
1960 Summer,Uganda,0,0,0,0,0.0%,16,16
1960 Summer,Curacao,0,0,0,0,0.0%,5,5
1960 Summer,Kenya,0,0,0,0,0.0%,30,30
1960 Summer,Uruguay,0,0,0,0,0.0%,42,42
1960 Summer,Cuba,0,0,0,0,0.0%,21,21
1960 Summer,Finland,1,1,4,6,2.7%,219,213
1960 Summer,Turkey,7,2,0,9,15.5%,58,49
1960 Summer,Nigeria,0,0,0,0,0.0%,15,15
1960 Summer,Tunisia,0,0,0,0,0.0%,56,56
1960 Summer,Spain,0,0,14,14,5.9%,238,224
1960 Summer,Hungary,13,16,37,66,21.2%,312,246
1960 Summer,Peru,0,0,0,0,0.0%,33,33
1960 Summer,Switzerland,0,6,6,12,5.4%,221,209
1960 Summer,Portugal,0,2,0,2,1.8%,109,107
1960 Summer,Bahamas,0,0,0,0,0.0%,14,14
1960 Summer,Italy,36,18,34,88,21.9%,402,314
1960 Summer,Netherlands,0,1,2,3,1.9%,160,157
1960 Summer,Brazil,0,0,13,13,15.1%,86,73
1960 Summer,Malaysia,0,0,0,0,0.0%,11,11
1960 Summer,Iran,0,1,3,4,16.7%,24,20
1960 Summer,USA,81,23,21,125,29.2%,428,303
1960 Summer,Australia,11,24,11,46,16.4%,280,234
1960 Summer,Venezuela,0,0,1,1,1.9%,54,53
1960 Summer,Lebanon,0,0,0,0,0.0%,22,22
1960 Summer,South Korea,0,0,0,0,0.0%,49,49
1960 Summer,Romania,3,1,11,15,9.6%,156,141
1960 Summer,Denmark,2,17,4,23,21.1%,109,86
1960 Summer,Colombia,0,0,0,0,0.0%,23,23
1960 Summer,Luxembourg,0,0,0,0,0.0%,117,117
1960 Summer,Serbia,16,1,0,17,9.2%,185,168
1960 Summer,India,0,13,0,13,26.5%,49,36
1960 Summer,Greece,3,0,0,3,5.1%,59,56
1960 Summer,Guyana,0,0,0,0,0.0%,6,6
1960 Summer,Thailand,0,0,0,0,0.0%,24,24
1960 Summer,Ireland,0,0,0,0,0.0%,63,63
1960 Summer,South Africa,0,1,2,3,4.2%,72,69
1960 Summer,Austria,1,2,0,3,1.5%,198,195
1960 Summer,Zimbabwe,0,0,0,0,0.0%,22,22
1960 Summer,Puerto Rico,0,0,0,0,0.0%,29,29
1960 Summer,Monaco,0,0,0,0,0.0%,13,13
1960 Summer,Czech Republic,4,7,11,22,10.9%,202,180
1960 Summer,Trinidad,0,0,5,5,25.0%,20,15
1960 Summer,Indonesia,0,0,0,0,0.0%,27,27
1960 Summer,Malta,0,0,0,0,0.0%,13,13
1960 Summer,Liechtenstein,0,0,0,0,0.0%,8,8
1960 Summer,Panama,0,0,0,0,0.0%,8,8
1960 Summer,San Marino,0,0,0,0,0.0%,13,13
1960 Summer,Taiwan,0,1,0,1,3.2%,31,30
1960 Summer,Hong Kong,0,0,0,0,0.0%,4,4
1960 Summer,Myanmar,0,0,0,0,0.0%,10,10
1960 Summer,Singapore,0,1,0,1,20.0%,5,4
1960 Summer,Sri Lanka,0,0,0,0,0.0%,5,5
1960 Summer,Bermuda,0,0,0,0,0.0%,9,9
1960 Summer,Afghanistan,0,0,0,0,0.0%,16,16
1960 Summer,Iceland,0,0,0,0,0.0%,11,11
1960 Summer,Liberia,0,0,0,0,0.0%,6,6
1960 Summer,Haiti,0,0,0,0,0.0%,1,1
1960 Summer,Fiji,0,0,0,0,0.0%,3,3
1960 Summer,Vietnam,0,0,0,0,0.0%,5,5
1956 Winter,Norway,2,1,1,4,5.2%,77,73
1956 Winter,Italy,2,6,0,8,8.6%,93,85
1956 Winter,France,0,0,0,0,0.0%,52,52
1956 Winter,Sweden,2,4,9,15,16.1%,93,78
1956 Winter,USA,2,19,5,26,28.3%,92,66
1956 Winter,Romania,0,0,0,0,0.0%,35,35
1956 Winter,Finland,5,6,1,12,23.1%,52,40
1956 Winter,Switzerland,6,2,2,10,12.5%,80,70
1956 Winter,Germany,1,0,1,2,2.2%,90,88
1956 Winter,Iran,0,0,0,0,0.0%,9,9
1956 Winter,Bulgaria,0,0,0,0,0.0%,15,15
1956 Winter,Russia,26,5,6,37,45.7%,81,44
1956 Winter,Spain,0,0,0,0,0.0%,18,18
1956 Winter,Japan,0,1,0,1,3.8%,26,25
1956 Winter,Australia,0,0,0,0,0.0%,17,17
1956 Winter,Austria,5,3,4,12,13.8%,87,75
1956 Winter,Canada,0,2,18,20,38.5%,52,32
1956 Winter,UK,0,0,0,0,0.0%,69,69
1956 Winter,Czech Republic,0,0,0,0,0.0%,64,64
1956 Winter,Liechtenstein,0,0,0,0,0.0%,14,14
1956 Winter,Serbia,0,0,0,0,0.0%,36,36
1956 Winter,Netherlands,0,0,0,0,0.0%,16,16
1956 Winter,Poland,0,0,1,1,1.4%,74,73
1956 Winter,Belgium,0,0,0,0,0.0%,6,6
1956 Winter,Turkey,0,0,0,0,0.0%,10,10
1956 Winter,Boliva,0,0,0,0,0.0%,2,2
1956 Winter,Lebanon,0,0,0,0,0.0%,8,8
1956 Winter,Chile,0,0,0,0,0.0%,7,7
1956 Winter,Iceland,0,0,0,0,0.0%,14,14
1956 Winter,South Korea,0,0,0,0,0.0%,10,10
1956 Winter,Hungary,0,0,2,2,100.0%,2,0
1956 Winter,Greece,0,0,0,0,0.0%,6,6
1956 Summer,Norway,1,0,2,3,10.3%,29,26
1956 Summer,France,7,13,13,33,14.5%,227,194
1956 Summer,Bulgaria,1,3,14,18,22.0%,82,64
1956 Summer,South Africa,0,0,7,7,7.8%,90,83
1956 Summer,Afghanistan,0,0,0,0,0.0%,12,12
1956 Summer,New Zealand,3,0,0,3,5.3%,57,54
1956 Summer,Belgium,0,2,0,2,2.4%,82,80
1956 Summer,Australia,28,13,26,67,16.3%,412,345
1956 Summer,Philippines,0,0,0,0,0.0%,48,48
1956 Summer,Russia,68,46,55,169,41.1%,411,242
1956 Summer,Trinidad,0,0,0,0,0.0%,10,10
1956 Summer,Sweden,14,14,6,34,18.3%,186,152
1956 Summer,India,17,0,0,17,21.5%,79,62
1956 Summer,Chile,0,2,2,4,9.3%,43,39
1956 Summer,Mexico,1,0,1,2,5.6%,36,34
1956 Summer,Japan,4,15,5,24,10.8%,222,198
1956 Summer,Thailand,0,0,0,0,0.0%,40,40
1956 Summer,Nigeria,0,0,0,0,0.0%,14,14
1956 Summer,Turkey,3,2,2,7,25.0%,28,21
1956 Summer,Pakistan,0,14,0,14,17.7%,79,65
1956 Summer,Bahamas,0,0,2,2,40.0%,5,3
1956 Summer,Brazil,1,0,0,1,1.6%,63,62
1956 Summer,Malaysia,0,0,0,0,0.0%,36,36
1956 Summer,UK,8,16,22,46,16.3%,283,237
1956 Summer,USA,61,42,20,123,27.8%,443,320
1956 Summer,Italy,26,11,10,47,22.7%,207,160
1956 Summer,Denmark,1,4,1,6,11.8%,51,45
1956 Summer,South Korea,0,1,1,2,5.6%,36,34
1956 Summer,Romania,6,3,10,19,18.4%,103,84
1956 Summer,Kenya,0,0,0,0,0.0%,31,31
1956 Summer,Serbia,0,23,0,23,62.2%,37,14
1956 Summer,Czech Republic,1,5,1,7,4.3%,161,154
1956 Summer,Finland,3,1,22,26,17.7%,147,121
1956 Summer,Colombia,0,0,0,0,0.0%,47,47
1956 Summer,Cuba,0,0,0,0,0.0%,24,24
1956 Summer,Indonesia,0,0,0,0,0.0%,24,24
1956 Summer,Germany,9,20,23,52,19.9%,261,209
1956 Summer,Canada,5,9,5,19,12.7%,150,131
1956 Summer,Hungary,30,20,14,64,32.5%,197,133
1956 Summer,Argentina,0,1,1,2,4.5%,44,42
1956 Summer,Myanmar,0,0,0,0,0.0%,12,12
1956 Summer,Portugal,0,0,0,0,0.0%,18,18
1956 Summer,Iran,2,2,1,5,29.4%,17,12
1956 Summer,Ethiopia,0,0,0,0,0.0%,30,30
1956 Summer,Peru,0,0,0,0,0.0%,10,10
1956 Summer,Poland,1,9,9,19,16.1%,118,99
1956 Summer,Ireland,1,1,3,5,20.0%,25,20
1956 Summer,Luxembourg,0,0,0,0,0.0%,27,27
1956 Summer,Fiji,0,0,0,0,0.0%,5,5
1956 Summer,Venezuela,0,0,0,0,0.0%,38,38
1956 Summer,Uruguay,0,0,12,12,41.4%,29,17
1956 Summer,Greece,0,0,1,1,6.3%,16,15
1956 Summer,Austria,0,0,4,4,7.0%,57,53
1956 Summer,Switzerland,0,0,3,3,16.7%,18,15
1956 Summer,Singapore,0,0,0,0,0.0%,52,52
1956 Summer,Taiwan,0,0,0,0,0.0%,23,23
1956 Summer,Hong Kong,0,0,0,0,0.0%,4,4
1956 Summer,Puerto Rico,0,0,0,0,0.0%,14,14
1956 Summer,Spain,0,0,0,0,0.0%,12,12
1956 Summer,Iceland,0,1,0,1,50.0%,2,1
1956 Summer,Egypt,0,0,0,0,0.0%,6,6
1956 Summer,Jamaica,0,0,0,0,0.0%,13,13
1956 Summer,Sri Lanka,0,0,0,0,0.0%,3,3
1956 Summer,Uganda,0,0,0,0,0.0%,5,5
1956 Summer,Bermuda,0,0,0,0,0.0%,3,3
1956 Summer,Cambodia,0,0,0,0,0.0%,2,2
1956 Summer,Guyana,0,0,0,0,0.0%,6,6
1956 Summer,Liberia,0,0,0,0,0.0%,11,11
1956 Summer,Israel,0,0,0,0,0.0%,3,3
1956 Summer,Vietnam,0,0,0,0,0.0%,10,10
1956 Summer,Netherlands,0,0,0,0,0.0%,1,1
1952 Winter,Norway,7,6,6,19,18.8%,101,82
1952 Winter,Canada,16,0,1,17,28.3%,60,43
1952 Winter,Switzerland,0,0,6,6,7.9%,76,70
1952 Winter,France,0,0,1,1,2.2%,45,44
1952 Winter,Sweden,0,0,23,23,24.5%,94,71
1952 Winter,USA,4,25,1,30,31.3%,96,66
1952 Winter,Romania,0,0,0,0,0.0%,25,25
1952 Winter,Finland,6,4,2,12,16.4%,73,61
1952 Winter,UK,1,0,0,1,2.9%,35,34
1952 Winter,Italy,1,0,1,2,3.8%,52,50
1952 Winter,Poland,0,0,0,0,0.0%,42,42
1952 Winter,Japan,0,0,0,0,0.0%,25,25
1952 Winter,Spain,0,0,0,0,0.0%,11,11
1952 Winter,Australia,0,0,0,0,0.0%,19,19
1952 Winter,Austria,2,4,2,8,10.8%,74,66
1952 Winter,Bulgaria,0,0,0,0,0.0%,19,19
1952 Winter,Czech Republic,0,0,0,0,0.0%,27,27
1952 Winter,Argentina,0,0,0,0,0.0%,21,21
1952 Winter,Hungary,0,0,2,2,9.5%,21,19
1952 Winter,Germany,8,2,2,12,15.6%,77,65
1952 Winter,Serbia,0,0,0,0,0.0%,9,9
1952 Winter,Netherlands,0,3,0,3,13.0%,23,20
1952 Winter,Belgium,0,0,0,0,0.0%,15,15
1952 Winter,Denmark,0,0,0,0,0.0%,1,1
1952 Winter,Chile,0,0,0,0,0.0%,7,7
1952 Winter,Iceland,0,0,0,0,0.0%,24,24
1952 Winter,New Zealand,0,0,0,0,0.0%,6,6
1952 Winter,Lebanon,0,0,0,0,0.0%,3,3
1952 Winter,Greece,0,0,0,0,0.0%,6,6
1952 Winter,Portugal,0,0,0,0,0.0%,1,1
1952 Summer,Finland,8,3,29,40,9.7%,412,372
1952 Summer,Norway,5,8,0,13,6.8%,190,177
1952 Summer,Egypt,0,0,1,1,0.5%,196,195
1952 Summer,France,14,9,17,40,9.8%,408,368
1952 Summer,Pakistan,0,0,0,0,0.0%,51,51
1952 Summer,Monaco,0,0,0,0,0.0%,10,10
1952 Summer,Spain,0,1,0,1,2.4%,42,41
1952 Summer,Sweden,23,24,23,70,19.7%,355,285
1952 Summer,Romania,1,1,2,4,1.7%,241,237
1952 Summer,Turkey,2,0,1,3,5.2%,58,55
1952 Summer,Argentina,2,2,2,6,3.4%,174,168
1952 Summer,Uruguay,0,0,14,14,33.3%,42,28
1952 Summer,Ghana,0,0,0,0,0.0%,9,9
1952 Summer,Denmark,3,1,5,9,4.5%,201,192
1952 Summer,Hungary,53,17,32,102,29.6%,345,243
1952 Summer,Canada,1,3,0,4,2.6%,154,150
1952 Summer,Poland,1,2,1,4,1.6%,248,244
1952 Summer,Germany,0,14,26,40,8.7%,458,418
1952 Summer,Brazil,1,0,2,3,2.5%,119,116
1952 Summer,USA,83,23,28,134,29.7%,451,317
1952 Summer,Chile,0,4,0,4,4.9%,82,78
1952 Summer,Iran,0,3,4,7,30.4%,23,16
1952 Summer,Australia,7,2,11,20,14.3%,140,120
1952 Summer,Italy,17,22,15,54,14.4%,376,322
1952 Summer,Cuba,0,0,0,0,0.0%,57,57
1952 Summer,Nigeria,0,0,0,0,0.0%,15,15
1952 Summer,Austria,0,1,2,3,1.3%,238,235
1952 Summer,Netherlands,0,18,0,18,10.0%,180,162
1952 Summer,Switzerland,2,19,12,33,13.1%,251,218
1952 Summer,Bahamas,0,0,0,0,0.0%,7,7
1952 Summer,Russia,36,62,19,117,25.9%,451,334
1952 Summer,Belgium,5,3,0,8,4.3%,184,176
1952 Summer,UK,3,2,26,31,7.7%,401,370
1952 Summer,Mexico,0,1,0,1,1.2%,85,84
1952 Summer,Portugal,0,0,2,2,1.3%,155,153
1952 Summer,Venezuela,0,0,1,1,1.6%,63,62
1952 Summer,Israel,0,0,0,0,0.0%,31,31
1952 Summer,South Africa,2,8,4,14,12.8%,109,95
1952 Summer,Luxembourg,1,0,0,1,1.0%,101,100
1952 Summer,Bulgaria,0,0,1,1,0.6%,179,178
1952 Summer,Puerto Rico,0,0,0,0,0.0%,23,23
1952 Summer,India,14,0,1,15,16.0%,94,79
1952 Summer,Japan,1,9,2,12,9.0%,133,121
1952 Summer,Greece,0,0,0,0,0.0%,54,54
1952 Summer,New Zealand,1,0,2,3,15.0%,20,17
1952 Summer,Philippines,0,0,0,0,0.0%,28,28
1952 Summer,Czech Republic,11,4,10,25,11.5%,218,193
1952 Summer,Serbia,4,20,0,24,12.4%,194,170
1952 Summer,Bermuda,0,0,0,0,0.0%,12,12
1952 Summer,Guatemala,0,0,0,0,0.0%,35,35
1952 Summer,Singapore,0,0,0,0,0.0%,7,7
1952 Summer,Iceland,0,0,0,0,0.0%,18,18
1952 Summer,Curacao,0,0,0,0,0.0%,11,11
1952 Summer,Ireland,0,1,0,1,4.0%,25,24
1952 Summer,Vietnam,0,0,0,0,0.0%,13,13
1952 Summer,Panama,0,0,0,0,0.0%,1,1
1952 Summer,Hong Kong,0,0,0,0,0.0%,9,9
1952 Summer,Lebanon,0,1,1,2,22.2%,9,7
1952 Summer,South Korea,0,0,2,2,9.1%,22,20
1952 Summer,Sri Lanka,0,0,0,0,0.0%,7,7
1952 Summer,Jamaica,5,3,0,8,50.0%,16,8
1952 Summer,Liechtenstein,0,0,0,0,0.0%,2,2
1952 Summer,Trinidad,0,0,2,2,100.0%,2,0
1952 Summer,Thailand,0,0,0,0,0.0%,15,15
1952 Summer,Myanmar,0,0,0,0,0.0%,5,5
1952 Summer,Guyana,0,0,0,0,0.0%,1,1
1952 Summer,Indonesia,0,0,0,0,0.0%,3,3
1952 Summer,China,0,0,0,0,0.0%,1,1
1948 Winter,France,2,1,2,5,8.3%,60,55
1948 Winter,UK,0,0,2,2,2.6%,78,76
1948 Winter,Italy,1,0,0,1,1.2%,81,80
1948 Winter,Switzerland,4,5,19,28,28.3%,99,71
1948 Winter,Finland,1,6,2,9,20.0%,45,36
1948 Winter,Norway,4,3,6,13,17.3%,75,62
1948 Winter,Sweden,7,3,3,13,18.6%,70,57
1948 Winter,Austria,1,3,4,8,9.5%,84,76
1948 Winter,Spain,0,0,0,0,0.0%,12,12
1948 Winter,Iceland,0,0,0,0,0.0%,8,8
1948 Winter,Canada,13,0,2,15,31.9%,47,32
1948 Winter,USA,6,4,6,16,16.5%,97,81
1948 Winter,Czech Republic,0,17,0,17,23.0%,74,57
1948 Winter,Belgium,2,4,0,6,31.6%,19,13
1948 Winter,Liechtenstein,0,0,0,0,0.0%,16,16
1948 Winter,Serbia,0,0,0,0,0.0%,30,30
1948 Winter,Hungary,0,2,0,2,4.7%,43,41
1948 Winter,Romania,0,0,0,0,0.0%,14,14
1948 Winter,Turkey,0,0,0,0,0.0%,10,10
1948 Winter,Netherlands,0,0,0,0,0.0%,15,15
1948 Winter,Poland,0,0,0,0,0.0%,44,44
1948 Winter,Argentina,0,0,0,0,0.0%,20,20
1948 Winter,South Korea,0,0,0,0,0.0%,7,7
1948 Winter,Denmark,0,0,0,0,0.0%,2,2
1948 Winter,Bulgaria,0,0,0,0,0.0%,9,9
1948 Winter,Chile,0,0,0,0,0.0%,11,11
1948 Winter,Lebanon,0,0,0,0,0.0%,3,3
1948 Winter,Greece,0,0,0,0,0.0%,2,2
1948 Summer,Finland,17,8,8,33,15.3%,215,182
1948 Summer,Norway,3,4,11,18,18.6%,97,79
1948 Summer,Iran,0,0,1,1,2.6%,39,38
1948 Summer,Egypt,2,2,1,5,3.0%,166,161
1948 Summer,Pakistan,0,0,0,0,0.0%,44,44
1948 Summer,Monaco,0,0,0,0,0.0%,4,4
1948 Summer,Uruguay,0,1,2,3,3.8%,79,76
1948 Summer,Sweden,30,15,30,75,33.6%,223,148
1948 Summer,Turkey,6,4,2,12,13.8%,87,75
1948 Summer,Italy,21,32,14,67,21.6%,310,243
1948 Summer,Chile,0,0,0,0,0.0%,72,72
1948 Summer,Denmark,7,17,27,51,20.2%,253,202
1948 Summer,Mexico,4,1,4,9,6.0%,149,140
1948 Summer,France,26,22,24,72,16.6%,433,361
1948 Summer,Poland,1,0,1,2,3.8%,52,50
1948 Summer,Spain,0,3,0,3,3.6%,84,81
1948 Summer,Belgium,5,2,8,15,8.2%,182,167
1948 Summer,UK,7,42,12,61,10.3%,590,529
1948 Summer,Philippines,0,0,0,0,0.0%,31,31
1948 Summer,Switzerland,5,25,6,36,12.5%,287,251
1948 Summer,Afghanistan,0,0,0,0,0.0%,25,25
1948 Summer,Australia,2,9,5,16,15.5%,103,87
1948 Summer,Cuba,0,2,0,2,1.8%,112,110
1948 Summer,Argentina,3,7,1,11,3.7%,295,284
1948 Summer,Ireland,0,0,1,1,1.2%,83,82
1948 Summer,India,20,0,0,20,22.5%,89,69
1948 Summer,USA,87,30,35,152,35.8%,424,272
1948 Summer,Iraq,0,0,0,0,0.0%,13,13
1948 Summer,Peru,1,0,0,1,2.0%,49,48
1948 Summer,Colombia,0,0,0,0,0.0%,11,11
1948 Summer,Brazil,0,0,10,10,9.5%,105,95
1948 Summer,Serbia,0,16,0,16,9.9%,162,146
1948 Summer,Austria,2,2,4,8,3.3%,239,231
1948 Summer,South Korea,0,0,2,2,4.2%,48,46
1948 Summer,Hungary,15,25,22,62,27.9%,222,160
1948 Summer,Netherlands,8,2,32,42,22.5%,187,145
1948 Summer,Luxembourg,0,0,0,0,0.0%,115,115
1948 Summer,Greece,0,0,0,0,0.0%,97,97
1948 Summer,Iceland,0,0,0,0,0.0%,27,27
1948 Summer,South Africa,2,2,2,6,14.0%,43,37
1948 Summer,Canada,0,2,5,7,3.7%,188,181
1948 Summer,Czech Republic,14,3,3,20,13.1%,153,133
1948 Summer,Puerto Rico,0,0,1,1,11.1%,9,8
1948 Summer,Bermuda,0,0,0,0,0.0%,28,28
1948 Summer,Portugal,0,2,3,5,7.7%,65,60
1948 Summer,Lebanon,0,0,0,0,0.0%,9,9
1948 Summer,Jamaica,1,2,0,3,11.5%,26,23
1948 Summer,Liechtenstein,0,0,0,0,0.0%,2,2
1948 Summer,New Zealand,0,0,0,0,0.0%,8,8
1948 Summer,China,0,0,0,0,0.0%,33,33
1948 Summer,Guyana,0,0,0,0,0.0%,7,7
1948 Summer,Sri Lanka,0,1,0,1,10.0%,10,9
1948 Summer,Trinidad,0,1,0,1,11.1%,9,8
1948 Summer,Malta,0,0,0,0,0.0%,1,1
1948 Summer,Panama,0,0,2,2,100.0%,2,0
1948 Summer,Venezuela,0,0,0,0,0.0%,2,2
1948 Summer,Myanmar,0,0,0,0,0.0%,5,5
1948 Summer,Syria,0,0,0,0,0.0%,1,1
1948 Summer,Singapore,0,0,0,0,0.0%,1,1
1936 Winter,Japan,0,0,0,0,0.0%,49,49
1936 Winter,Switzerland,4,6,0,10,25.6%,39,29
1936 Winter,France,0,0,1,1,2.9%,34,33
1936 Winter,Norway,7,8,3,18,38.3%,47,29
1936 Winter,Sweden,2,2,6,10,26.3%,38,28
1936 Winter,Latvia,0,0,0,0,0.0%,36,36
1936 Winter,Bulgaria,0,0,0,0,0.0%,11,11
1936 Winter,Italy,0,0,0,0,0.0%,48,48
1936 Winter,UK,12,1,4,17,42.5%,40,23
1936 Winter,Austria,1,2,2,5,6.9%,72,67
1936 Winter,Turkey,0,0,0,0,0.0%,10,10
1936 Winter,Canada,0,13,0,13,31.7%,41,28
1936 Winter,USA,2,0,14,16,21.6%,74,58
1936 Winter,Germany,4,3,0,7,10.4%,67,60
1936 Winter,Hungary,0,0,2,2,6.9%,29,27
1936 Winter,Belgium,0,0,0,0,0.0%,37,37
1936 Winter,Serbia,0,0,0,0,0.0%,24,24
1936 Winter,Czech Republic,0,0,0,0,0.0%,61,61
1936 Winter,Netherlands,0,0,0,0,0.0%,19,19
1936 Winter,Finland,4,2,3,9,25.0%,36,27
1936 Winter,Liechtenstein,0,0,0,0,0.0%,4,4
1936 Winter,Romania,0,0,0,0,0.0%,22,22
1936 Winter,Spain,0,0,0,0,0.0%,6,6
1936 Winter,Poland,0,0,0,0,0.0%,32,32
1936 Winter,Estonia,0,0,0,0,0.0%,9,9
1936 Winter,Australia,0,0,0,0,0.0%,3,3
1936 Winter,Luxembourg,0,0,0,0,0.0%,5,5
1936 Winter,Greece,0,0,0,0,0.0%,2,2
1936 Summer,Estonia,2,2,3,7,19.4%,36,29
1936 Summer,Norway,1,12,15,28,33.3%,84,56
1936 Summer,Hungary,25,1,15,41,12.2%,335,294
1936 Summer,Italy,37,34,5,76,21.8%,349,273
1936 Summer,Egypt,2,1,2,5,7.6%,66,61
1936 Summer,Japan,9,4,10,23,7.1%,325,302
1936 Summer,Monaco,0,0,0,0,0.0%,11,11
1936 Summer,UK,12,16,8,36,14.4%,250,214
1936 Summer,Romania,0,1,0,1,0.8%,118,117
1936 Summer,Mexico,0,0,16,16,50.0%,32,16
1936 Summer,Chile,0,0,0,0,0.0%,56,56
1936 Summer,USA,51,29,16,96,19.7%,487,391
1936 Summer,Germany,93,70,61,224,38.6%,581,357
1936 Summer,Canada,1,12,9,22,13.2%,167,145
1936 Summer,Turkey,1,0,1,2,3.2%,62,60
1936 Summer,Belgium,0,0,14,14,6.8%,205,191
1936 Summer,Uruguay,0,0,0,0,0.0%,40,40
1936 Summer,Philippines,0,0,1,1,2.5%,40,39
1936 Summer,Sweden,7,11,17,35,15.2%,231,196
1936 Summer,Switzerland,5,23,24,52,15.9%,328,276
1936 Summer,Afghanistan,0,0,0,0,0.0%,16,16
1936 Summer,Argentina,5,2,4,11,16.2%,68,57
1936 Summer,Finland,8,6,13,27,14.5%,186,159
1936 Summer,Brazil,0,0,0,0,0.0%,94,94
1936 Summer,Poland,0,6,6,12,6.8%,177,165
1936 Summer,Peru,0,0,0,0,0.0%,46,46
1936 Summer,France,13,13,18,44,14.5%,303,259
1936 Summer,India,19,0,0,19,63.3%,30,11
1936 Summer,Austria,6,42,7,55,15.2%,363,308
1936 Summer,Denmark,0,3,3,6,3.5%,173,167
1936 Summer,Latvia,0,1,1,2,6.1%,33,31
1936 Summer,Portugal,0,0,3,3,11.5%,26,23
1936 Summer,Bulgaria,0,0,0,0,0.0%,85,85
1936 Summer,Greece,0,0,0,0,0.0%,64,64
1936 Summer,New Zealand,1,0,0,1,11.1%,9,8
1936 Summer,Czech Republic,5,12,1,18,6.1%,293,275
1936 Summer,Australia,0,0,1,1,2.6%,39,38
1936 Summer,Netherlands,9,7,21,37,16.3%,227,190
1936 Summer,Serbia,0,1,0,1,0.6%,173,172
1936 Summer,China,0,0,0,0,0.0%,65,65
1936 Summer,Bermuda,0,0,0,0,0.0%,9,9
1936 Summer,Malta,0,0,0,0,0.0%,11,11
1936 Summer,South Africa,0,1,0,1,1.9%,54,53
1936 Summer,Luxembourg,0,0,0,0,0.0%,129,129
1936 Summer,Boliva,0,0,0,0,0.0%,2,2
1936 Summer,Costa Rica,0,0,0,0,0.0%,1,1
1936 Summer,Colombia,0,0,0,0,0.0%,6,6
1936 Summer,Liechtenstein,0,0,0,0,0.0%,8,8
1936 Summer,Iceland,0,0,0,0,0.0%,13,13
1932 Winter,Japan,0,0,0,0,0.0%,33,33
1932 Winter,USA,10,21,3,34,48.6%,70,36
1932 Winter,France,2,0,0,2,25.0%,8,6
1932 Winter,Canada,14,1,5,20,37.7%,53,33
1932 Winter,Germany,0,0,14,14,60.9%,23,9
1932 Winter,Norway,3,4,3,10,30.3%,33,23
1932 Winter,Czech Republic,0,0,0,0,0.0%,17,17
1932 Winter,Finland,1,1,1,3,25.0%,12,9
1932 Winter,Austria,1,1,0,2,16.7%,12,10
1932 Winter,Switzerland,0,2,0,2,16.7%,12,10
1932 Winter,Italy,0,0,0,0,0.0%,20,20
1932 Winter,UK,0,0,0,0,0.0%,4,4
1932 Winter,Poland,0,0,0,0,0.0%,22,22
1932 Winter,Belgium,0,0,0,0,0.0%,5,5
1932 Winter,Sweden,1,2,0,3,16.7%,18,15
1932 Winter,Romania,0,0,0,0,0.0%,6,6
1932 Winter,Hungary,0,0,2,2,50.0%,4,2
1932 Summer,Netherlands,2,10,1,13,16.3%,80,67
1932 Summer,USA,81,47,61,189,25.4%,743,554
1932 Summer,Belgium,0,0,1,1,1.4%,69,68
1932 Summer,France,26,8,6,40,25.2%,159,119
1932 Summer,Philippines,0,0,3,3,37.5%,8,5
1932 Summer,Italy,21,38,18,77,50.0%,154,77
1932 Summer,Finland,5,8,16,29,43.9%,66,37
1932 Summer,Sweden,13,7,12,32,25.0%,128,96
1932 Summer,UK,9,12,14,35,20.6%,170,135
1932 Summer,Mexico,0,2,0,2,2.0%,100,98
1932 Summer,Germany,10,26,7,43,21.3%,202,159
1932 Summer,India,15,0,0,15,57.7%,26,11
1932 Summer,Spain,0,0,1,1,12.5%,8,7
1932 Summer,Brazil,0,0,0,0,0.0%,67,67
1932 Summer,Denmark,0,7,4,11,11.7%,94,83
1932 Summer,Japan,10,17,4,31,15.3%,203,172
1932 Summer,Canada,2,13,24,39,20.4%,191,152
1932 Summer,Argentina,3,1,0,4,8.5%,47,43
1932 Summer,Hungary,20,5,8,33,28.0%,118,85
1932 Summer,Czech Republic,1,3,2,6,13.6%,44,38
1932 Summer,South Africa,2,0,3,5,25.0%,20,15
1932 Summer,Poland,3,4,14,21,29.6%,71,50
1932 Summer,Australia,3,1,1,5,25.0%,20,15
1932 Summer,Latvia,0,1,0,1,7.7%,13,12
1932 Summer,Peru,0,0,0,0,0.0%,3,3
1932 Summer,New Zealand,0,2,0,2,6.9%,29,27
1932 Summer,Austria,1,1,3,5,15.2%,33,28
1932 Summer,Haiti,0,0,0,0,0.0%,3,3
1932 Summer,Greece,0,0,0,0,0.0%,16,16
1932 Summer,Ireland,2,0,0,2,11.1%,18,16
1932 Summer,Romania,0,0,0,0,0.0%,2,2
1932 Summer,Cuba,0,0,0,0,0.0%,3,3
1932 Summer,Norway,0,0,0,0,0.0%,8,8
1932 Summer,Switzerland,0,1,0,1,11.1%,9,8
1932 Summer,Portugal,0,0,0,0,0.0%,8,8
1932 Summer,Colombia,0,0,0,0,0.0%,2,2
1932 Summer,El Salvador,0,0,0,0,0.0%,4,4
1932 Summer,Uruguay,0,0,1,1,16.7%,6,5
1932 Summer,Venezuela,0,0,0,0,0.0%,1,1
1932 Summer,Luxembourg,0,0,0,0,0.0%,11,11
1932 Summer,Estonia,0,0,0,0,0.0%,3,3
1932 Summer,Bulgaria,0,0,0,0,0.0%,2,2
1932 Summer,China,0,0,0,0,0.0%,2,2
1932 Summer,Guatemala,0,0,0,0,0.0%,1,1
1932 Summer,Serbia,0,0,0,0,0.0%,1,1
1932 Summer,Turkey,0,0,0,0,0.0%,2,2
1932 Summer,Monaco,0,0,0,0,0.0%,1,1
1928 Winter,Sweden,2,13,1,16,53.3%,30,14
1928 Winter,Poland,0,0,0,0,0.0%,28,28
1928 Winter,Norway,6,4,5,15,44.1%,34,19
1928 Winter,Switzerland,0,0,12,12,27.9%,43,31
1928 Winter,Japan,0,0,0,0,0.0%,10,10
1928 Winter,Finland,2,1,1,4,14.8%,27,23
1928 Winter,USA,6,6,2,14,31.1%,45,31
1928 Winter,France,2,0,0,2,4.3%,47,45
1928 Winter,Hungary,0,0,0,0,0.0%,16,16
1928 Winter,Germany,0,0,5,5,9.8%,51,46
1928 Winter,Belgium,0,0,1,1,3.8%,26,25
1928 Winter,Romania,0,0,0,0,0.0%,10,10
1928 Winter,Italy,0,0,0,0,0.0%,16,16
1928 Winter,Serbia,0,0,0,0,0.0%,8,8
1928 Winter,Czech Republic,0,0,1,1,3.6%,28,27
1928 Winter,UK,0,0,1,1,2.6%,39,38
1928 Winter,Austria,0,4,2,6,12.2%,49,43
1928 Winter,Lithuania,0,0,0,0,0.0%,4,4
1928 Winter,Estonia,0,0,0,0,0.0%,6,6
1928 Winter,Mexico,0,0,0,0,0.0%,5,5
1928 Winter,Argentina,0,0,0,0,0.0%,10,10
1928 Winter,Netherlands,0,0,0,0,0.0%,11,11
1928 Winter,Canada,12,0,0,12,38.7%,31,19
1928 Winter,Luxembourg,0,0,0,0,0.0%,5,5
1928 Winter,Latvia,0,0,0,0,0.0%,3,3
1928 Summer,Norway,4,4,1,9,11.4%,79,70
1928 Summer,Egypt,2,1,1,4,9.3%,43,39
1928 Summer,USA,47,24,17,88,20.7%,426,338
1928 Summer,India,14,0,0,14,58.3%,24,10
1928 Summer,Switzerland,16,10,4,30,12.7%,236,206
1928 Summer,Germany,21,15,41,77,19.3%,399,322
1928 Summer,UK,7,27,24,58,16.4%,354,296
1928 Summer,Canada,7,5,21,33,29.2%,113,80
1928 Summer,Sweden,7,8,22,37,26.6%,139,102
1928 Summer,Belgium,0,1,4,5,1.9%,260,255
1928 Summer,France,12,24,14,50,11.8%,422,372
1928 Summer,Netherlands,20,29,8,57,14.8%,384,327
1928 Summer,Italy,24,22,26,72,26.4%,273,201
1928 Summer,Mexico,0,0,0,0,0.0%,55,55
1928 Summer,Finland,8,8,9,25,18.9%,132,107
1928 Summer,Denmark,6,5,4,15,12.3%,122,107
1928 Summer,Japan,2,6,1,9,16.1%,56,47
1928 Summer,Lithuania,0,0,0,0,0.0%,13,13
1928 Summer,Argentina,3,18,5,26,26.5%,98,72
1928 Summer,Romania,0,0,0,0,0.0%,33,33
1928 Summer,Spain,3,0,0,3,2.8%,106,103
1928 Summer,Chile,0,1,0,1,2.2%,46,45
1928 Summer,Luxembourg,1,0,0,1,0.9%,107,106
1928 Summer,Portugal,0,0,6,6,15.4%,39,33
1928 Summer,Greece,0,0,0,0,0.0%,47,47
1928 Summer,Uruguay,17,0,0,17,100.0%,17,0
1928 Summer,Austria,3,0,2,5,4.4%,113,108
1928 Summer,Ireland,1,0,0,1,2.3%,44,43
1928 Summer,Poland,2,3,15,20,13.7%,146,126
1928 Summer,Serbia,1,1,10,12,14.0%,86,74
1928 Summer,Czech Republic,2,12,2,16,10.9%,147,131
1928 Summer,Turkey,0,0,0,0,0.0%,40,40
1928 Summer,South Africa,1,0,5,6,15.0%,40,34
1928 Summer,Hungary,10,11,0,21,9.6%,219,198
1928 Summer,Monaco,0,0,0,0,0.0%,12,12
1928 Summer,Cuba,0,0,0,0,0.0%,1,1
1928 Summer,Latvia,0,0,0,0,0.0%,24,24
1928 Summer,Zimbabwe,0,0,0,0,0.0%,2,2
1928 Summer,Australia,1,2,1,4,13.8%,29,25
1928 Summer,Malta,0,0,0,0,0.0%,9,9
1928 Summer,Haiti,0,1,0,1,33.3%,3,2
1928 Summer,New Zealand,1,0,0,1,7.7%,13,12
1928 Summer,Estonia,2,1,6,9,39.1%,23,14
1928 Summer,Philippines,0,0,1,1,16.7%,6,5
1928 Summer,Panama,0,0,0,0,0.0%,2,2
1928 Summer,Bulgaria,0,0,0,0,0.0%,10,10
1924 Winter,USA,1,10,1,12,29.3%,41,29
1924 Winter,Czech Republic,0,0,0,0,0.0%,31,31
1924 Winter,Switzerland,8,0,1,9,23.1%,39,30
1924 Winter,Sweden,1,8,0,9,22.0%,41,32
1924 Winter,France,0,0,10,10,14.7%,68,58
1924 Winter,UK,16,4,11,31,62.0%,50,19
1924 Winter,Italy,0,0,0,0,0.0%,24,24
1924 Winter,Austria,3,1,0,4,100.0%,4,0
1924 Winter,Norway,4,7,6,17,47.2%,36,19
1924 Winter,Finland,4,8,3,15,45.5%,33,18
1924 Winter,Poland,0,0,0,0,0.0%,15,15
1924 Winter,Nepal,1,0,0,1,100.0%,1,0
1924 Winter,Canada,9,0,0,9,52.9%,17,8
1924 Winter,Belgium,0,0,5,5,15.6%,32,27
1924 Winter,Hungary,0,0,0,0,0.0%,6,6
1924 Winter,Australia,1,0,0,1,100.0%,1,0
1924 Winter,Serbia,0,0,0,0,0.0%,7,7
1924 Winter,Latvia,0,0,0,0,0.0%,7,7
1924 Winter,India,7,0,0,7,100.0%,7,0
1924 Summer,Finland,24,13,15,52,20.6%,253,201
1924 Summer,Norway,14,5,3,22,21.0%,105,83
1924 Summer,Bulgaria,0,0,0,0,0.0%,31,31
1924 Summer,Chile,0,0,0,0,0.0%,18,18
1924 Summer,Switzerland,14,25,21,60,22.9%,262,202
1924 Summer,Monaco,0,0,1,1,11.1%,9,8
1924 Summer,UK,15,30,19,64,15.0%,428,364
1924 Summer,France,37,51,22,110,17.3%,636,526
1924 Summer,Belgium,3,30,6,39,16.7%,234,195
1924 Summer,Hungary,2,12,8,22,15.7%,140,118
1924 Summer,Poland,0,4,1,5,5.0%,100,95
1924 Summer,Austria,0,3,1,4,7.1%,56,52
1924 Summer,Sweden,7,22,43,72,28.1%,256,184
1924 Summer,Netherlands,8,1,18,27,11.0%,246,219
1924 Summer,Egypt,0,0,0,0,0.0%,30,30
1924 Summer,Mexico,0,0,0,0,0.0%,28,28
1924 Summer,Argentina,5,3,2,10,9.2%,109,99
1924 Summer,Turkey,0,0,0,0,0.0%,23,23
1924 Summer,Italy,25,5,21,51,15.3%,333,282
1924 Summer,USA,97,36,49,182,39.7%,459,277
1924 Summer,Cuba,0,0,0,0,0.0%,13,13
1924 Summer,Spain,0,0,0,0,0.0%,151,151
1924 Summer,Luxembourg,1,1,0,2,1.6%,122,120
1924 Summer,Greece,1,0,0,1,1.3%,79,78
1924 Summer,Denmark,2,9,3,14,8.9%,158,144
1924 Summer,Uruguay,14,0,0,14,35.0%,40,26
1924 Summer,Australia,3,5,2,10,16.7%,60,50
1924 Summer,Czech Republic,1,4,5,10,4.1%,242,232
1924 Summer,Lithuania,0,0,0,0,0.0%,13,13
1924 Summer,Estonia,1,1,4,6,12.8%,47,41
1924 Summer,Latvia,0,0,0,0,0.0%,47,47
1924 Summer,Serbia,2,0,0,2,1.7%,116,114
1924 Summer,Haiti,0,0,5,5,31.3%,16,11
1924 Summer,Romania,0,0,16,16,35.6%,45,29
1924 Summer,Canada,0,19,1,20,24.1%,83,63
1924 Summer,South Africa,1,1,1,3,6.8%,44,41
1924 Summer,Ireland,0,1,1,2,3.3%,60,58
1924 Summer,Portugal,0,0,4,4,8.5%,47,43
1924 Summer,Brazil,0,0,0,0,0.0%,18,18
1924 Summer,Japan,0,0,1,1,2.7%,37,36
1924 Summer,India,0,0,0,0,0.0%,24,24
1924 Summer,New Zealand,0,0,1,1,16.7%,6,5
1924 Summer,Ecuador,0,0,0,0,0.0%,4,4
1924 Summer,Philippines,0,0,0,0,0.0%,2,2
1924 Summer,Russia,0,0,0,0,0.0%,3,3
1920 Summer,Denmark,26,44,1,71,28.9%,246,175
1920 Summer,Finland,21,14,17,52,38.2%,136,84
1920 Summer,Norway,58,52,27,137,51.3%,267,130
1920 Summer,Egypt,0,0,0,0,0.0%,22,22
1920 Summer,UK,52,42,17,111,32.2%,345,234
1920 Summer,Sweden,52,38,64,154,38.1%,404,250
1920 Summer,Spain,0,23,0,23,20.7%,111,88
1920 Summer,USA,111,45,38,194,41.0%,473,279
1920 Summer,Switzerland,6,2,21,29,23.0%,126,97
1920 Summer,Belgium,57,65,66,188,36.3%,518,330
1920 Summer,France,13,71,57,141,31.2%,452,311
1920 Summer,Italy,67,9,8,84,28.9%,291,207
1920 Summer,Luxembourg,0,1,0,1,2.9%,35,34
1920 Summer,Brazil,1,1,5,7,18.4%,38,31
1920 Summer,Greece,0,5,0,5,5.1%,98,93
1920 Summer,Czech Republic,0,0,10,10,5.5%,182,172
1920 Summer,India,0,0,0,0,0.0%,7,7
1920 Summer,Monaco,0,0,0,0,0.0%,7,7
1920 Summer,Chile,0,0,0,0,0.0%,2,2
1920 Summer,Canada,10,3,3,16,18.8%,85,69
1920 Summer,Australia,0,6,1,7,24.1%,29,22
1920 Summer,Netherlands,15,10,25,50,23.5%,213,163
1920 Summer,South Africa,3,12,6,21,21.6%,97,76
1920 Summer,Portugal,0,0,0,0,0.0%,40,40
1920 Summer,Serbia,0,0,0,0,0.0%,15,15
1920 Summer,New Zealand,0,0,1,1,16.7%,6,5
1920 Summer,Japan,0,3,0,3,11.5%,26,23
1920 Summer,Estonia,1,2,0,3,15.0%,20,17
1920 Summer,Argentina,0,0,0,0,0.0%,1,1
1912 Summer,Finland,9,40,22,71,30.5%,233,162
1912 Summer,Norway,40,6,34,80,30.4%,263,183
1912 Summer,Sweden,103,62,25,190,26.6%,714,524
1912 Summer,Germany,11,19,23,53,17.0%,312,259
1912 Summer,UK,47,64,59,170,36.9%,461,291
1912 Summer,Luxembourg,0,0,0,0,0.0%,44,44
1912 Summer,France,10,11,5,26,11.2%,232,206
1912 Summer,Hungary,10,17,3,30,14.5%,207,177
1912 Summer,USA,46,25,36,107,29.4%,364,257
1912 Summer,Austria,0,9,5,14,10.6%,132,118
1912 Summer,Russia,0,5,9,14,5.3%,266,252
1912 Summer,Belgium,7,1,11,19,26.4%,72,53
1912 Summer,Italy,22,1,2,25,26.0%,96,71
1912 Summer,Chile,0,0,0,0,0.0%,28,28
1912 Summer,Denmark,5,49,33,87,37.3%,233,146
1912 Summer,Greece,1,0,1,2,2.6%,77,75
1912 Summer,Czech Republic,0,0,0,0,0.0%,74,74
1912 Summer,Canada,3,2,3,8,13.3%,60,52
1912 Summer,Netherlands,0,0,26,26,57.8%,45,19
1912 Summer,Australia,5,2,3,10,26.3%,38,28
1912 Summer,South Africa,5,2,0,7,12.5%,56,49
1912 Summer,Portugal,0,0,0,0,0.0%,8,8
1912 Summer,Switzerland,2,0,0,2,28.6%,7,5
1912 Summer,NA,0,0,0,0,0.0%,2,2
1912 Summer,Iceland,0,0,0,0,0.0%,2,2
1912 Summer,Japan,0,0,0,0,0.0%,4,4
1912 Summer,Serbia,0,0,0,0,0.0%,2,2
1912 Summer,Turkey,0,0,0,0,0.0%,7,7
1912 Summer,Poland,0,0,0,0,0.0%,1,1
1908 Summer,Italy,2,6,0,8,8.2%,97,89
1908 Summer,Germany,4,11,6,21,14.2%,148,127
1908 Summer,UK,147,131,90,368,37.9%,972,604
1908 Summer,USA,34,16,15,65,29.7%,219,154
1908 Summer,Sweden,48,18,18,84,30.4%,276,192
1908 Summer,Denmark,0,14,3,17,15.9%,107,90
1908 Summer,Australia,15,2,2,19,39.6%,48,29
1908 Summer,France,12,5,23,40,12.5%,319,279
1908 Summer,Norway,7,32,3,42,40.8%,103,61
1908 Summer,Canada,14,8,30,52,35.1%,148,96
1908 Summer,Belgium,1,24,8,33,33.3%,99,66
1908 Summer,Hungary,7,7,6,20,18.7%,107,87
1908 Summer,Finland,1,1,28,30,31.9%,94,64
1908 Summer,Greece,0,3,1,4,8.2%,49,45
1908 Summer,Czech Republic,0,0,6,6,14.6%,41,35
1908 Summer,Netherlands,0,0,16,16,7.3%,218,202
1908 Summer,South Africa,1,1,0,2,6.1%,33,31
1908 Summer,Russia,1,2,0,3,42.9%,7,4
1908 Summer,Austria,0,0,1,1,7.7%,13,12
1908 Summer,Iceland,0,0,0,0,0.0%,1,1
1908 Summer,Argentina,0,0,0,0,0.0%,1,1
1908 Summer,Switzerland,0,0,0,0,0.0%,1,1
1906 Summer,Greece,24,48,30,102,20.6%,495,393
1906 Summer,Germany,14,10,6,30,19.1%,157,127
1906 Summer,UK,9,22,8,39,34.5%,113,74
1906 Summer,Finland,2,1,1,4,22.2%,18,14
1906 Summer,Italy,21,8,27,56,54.4%,103,47
1906 Summer,Denmark,14,19,1,34,50.0%,68,34
1906 Summer,Norway,20,5,0,25,45.5%,55,30
1906 Summer,Sweden,2,5,14,21,22.1%,95,74
1906 Summer,Hungary,5,5,3,13,13.1%,99,86
1906 Summer,Canada,1,1,0,2,50.0%,4,2
1906 Summer,Austria,3,3,3,9,9.0%,100,91
1906 Summer,USA,12,6,6,24,29.6%,81,57
1906 Summer,France,20,16,28,64,36.8%,174,110
1906 Summer,Australia,0,0,3,3,30.0%,10,7
1906 Summer,Netherlands,0,1,5,6,12.2%,49,43
1906 Summer,Belgium,2,3,6,11,35.5%,31,20
1906 Summer,Egypt,0,0,0,0,0.0%,5,5
1906 Summer,Czech Republic,0,0,3,3,10.3%,29,26
1906 Summer,Switzerland,8,3,1,12,26.7%,45,33
1906 Summer,Turkey,0,0,0,0,0.0%,2,2
1904 Summer,USA,128,141,125,394,35.5%,1109,715
1904 Summer,Canada,27,9,12,48,77.4%,62,14
1904 Summer,Italy,0,0,0,0,0.0%,1,1
1904 Summer,Germany,4,5,7,16,29.1%,55,39
1904 Summer,Cuba,5,0,0,5,83.3%,6,1
1904 Summer,France,0,2,0,2,100.0%,2,0
1904 Summer,UK,1,1,0,2,33.3%,6,4
1904 Summer,Hungary,2,1,1,4,44.4%,9,5
1904 Summer,Greece,1,0,1,2,11.8%,17,15
1904 Summer,Norway,2,0,0,2,33.3%,6,4
1904 Summer,Australia,0,3,1,4,66.7%,6,2
1904 Summer,South Africa,0,0,0,0,0.0%,8,8
1904 Summer,Switzerland,1,0,2,3,42.9%,7,4
1904 Summer,Austria,2,1,1,4,57.1%,7,3
1900 Summer,Denmark,4,3,2,9,25.0%,36,27
1900 Summer,Germany,14,20,11,45,43.7%,103,58
1900 Summer,USA,30,16,17,63,46.7%,135,72
1900 Summer,France,52,101,82,235,21.9%,1071,836
1900 Summer,Austria,0,3,3,6,23.1%,26,20
1900 Summer,Norway,0,6,3,9,31.0%,29,20
1900 Summer,UK,59,34,15,108,74.0%,146,38
1900 Summer,Italy,3,2,0,5,13.9%,36,31
1900 Summer,Belgium,6,24,13,43,43.0%,100,57
1900 Summer,Hungary,1,2,2,5,14.7%,34,29
1900 Summer,Switzerland,16,4,1,21,40.4%,52,31
1900 Summer,Netherlands,3,8,16,27,37.0%,73,46
1900 Summer,Sweden,3,0,1,4,14.8%,27,23
1900 Summer,Argentina,0,0,0,0,0.0%,1,1
1900 Summer,Spain,2,0,0,2,16.7%,12,10
1900 Summer,Haiti,1,0,0,1,25.0%,4,3
1900 Summer,Peru,0,0,0,0,0.0%,2,2
1900 Summer,Russia,0,0,0,0,0.0%,5,5
1900 Summer,Czech Republic,0,1,2,3,33.3%,9,6
1900 Summer,Mexico,0,0,3,3,100.0%,3,0
1900 Summer,Cuba,1,1,0,2,100.0%,2,0
1900 Summer,Canada,1,0,1,2,28.6%,7,5
1900 Summer,Colombia,0,1,0,1,100.0%,1,0
1900 Summer,Brazil,0,0,0,0,0.0%,3,3
1900 Summer,Australia,3,0,3,6,100.0%,6,0
1900 Summer,New Zealand,1,0,0,1,100.0%,1,0
1900 Summer,Iran,0,0,0,0,0.0%,1,1
1900 Summer,Greece,0,0,0,0,0.0%,4,4
1900 Summer,Romania,0,0,0,0,0.0%,1,1
1900 Summer,India,0,2,0,2,40.0%,5,3
1900 Summer,Luxembourg,1,0,0,1,100.0%,1,0
1896 Summer,Greece,10,18,20,48,32.4%,148,100
1896 Summer,UK,3,3,3,9,36.0%,25,16
1896 Summer,Switzerland,1,2,0,3,37.5%,8,5
1896 Summer,USA,11,7,2,20,74.1%,27,7
1896 Summer,Germany,25,5,2,32,34.0%,94,62
1896 Summer,France,5,4,2,11,42.3%,26,15
1896 Summer,Hungary,2,1,3,6,33.3%,18,12
1896 Summer,Australia,2,0,1,3,60.0%,5,2
1896 Summer,Austria,2,1,2,5,62.5%,8,3
1896 Summer,Denmark,1,2,3,6,40.0%,15,9
1896 Summer,Italy,0,0,0,0,0.0%,1,1
1896 Summer,Sweden,0,0,0,0,0.0%,5,5
